cik,filingDate,issuerTradingSymbol,reportingOwnerName,reportingOwnerRelationship,accessionNumber,transactionDate,transactionCode,transactionShares,transactionPricePerShare,sharesOwnedFollowingTransaction,directOrIndirectOwnership,transactionType,securityTitle,underlyingSecurityTitle,underlyingSecurityShares,exercisePrice,expirationDate
1018724,2019-07-31,AMZN,BEZOS JEFFREY P,,0001018724-19-000079,2019-07-31,S,35887,1889.4509,58315559,D,,,,,,
1018724,2019-07-31,AMZN,BEZOS JEFFREY P,,0001018724-19-000077,2019-07-29,S,15520,1929.8553,58790429,D,,,,,,
1018724,2019-07-31,AMZN,BEZOS JEFFREY P,,0001018724-19-000077,2019-07-30,S,5255,1884.8728,58782656,D,,,,,,
1018724,2019-07-31,AMZN,BEZOS JEFFREY P,,0001018724-19-000077,2019-07-31,S,8861,1884.3943,58456334,D,,,,,,
1018724,2019-07-31,AMZN,BEZOS JEFFREY P,,0001018724-19-000075,2019-07-29,S,2536,1891.2168,59108091,D,,,,,,
1018724,2019-08-05,AMZN,BEZOS JEFFREY P,,0001018724-19-000085,2019-08-02,S,13451,1814.8729,57768262,D,,,,,,
1018724,2019-08-05,AMZN,BEZOS JEFFREY P,,0001018724-19-000083,2019-08-01,S,15000,1871.2,58127479,D,,,,,,
1018724,2019-08-05,AMZN,BEZOS JEFFREY P,,0001018724-19-000083,2019-08-01,G,268,0.0,57819495,D,,,,,,
1018724,2019-08-05,AMZN,BEZOS JEFFREY P,,0001018724-19-000083,2019-08-02,S,8460,1810.8576,57811035,D,,,,,,
1018724,2019-08-19,AMZN,Olsavsky Brian T,,0001127602-19-027018,2019-08-15,S,1765,1783.0,1000,D,,,,,,
1018724,2019-08-19,AMZN,WILKE JEFFREY A,,0000899243-19-022080,2019-08-15,M,2708,0.0,18005,I,,,,,,
1018724,2019-08-19,AMZN,WILKE JEFFREY A,,0000899243-19-022080,2019-08-15,S,200,1780.1276,23169,I,,,,,,
1018724,2019-08-19,AMZN,Jassy Andrew R,,0001127602-19-027022,2019-08-15,M,1139,0.0,93753,D,,,,,,
1018724,2019-08-19,AMZN,Jassy Andrew R,,0001127602-19-027022,2019-08-15,S,200,1768.355,100487,D,,,,,,
1018724,2019-08-19,AMZN,Olsavsky Brian T,,0001127602-19-027018,2019-08-15,M,1480,0.0,2480,D,,,,,,
1018724,2019-08-19,AMZN,Zapolsky David,,0001127602-19-027014,2019-08-15,S,100,1767.303,4362,D,,,,,,
1018724,2019-08-19,AMZN,Reynolds Shelley,,0001127602-19-027009,2019-08-15,M,318,0.0,6307,D,,,,,,
1018724,2019-08-19,AMZN,Reynolds Shelley,,0001127602-19-027009,2019-08-15,S,30,1768.9567,6338,D,,,,,,
1018724,2019-08-19,AMZN,Blackburn Jeffrey M,,0001127602-19-027003,2019-08-15,M,1692,0.0,54231,D,,,,,,
1018724,2019-08-19,AMZN,McGrath Judith A,,0001127602-19-027000,2019-08-15,M,304,0.0,2628,D,,,,,,
1018724,2019-08-19,AMZN,Zapolsky David,,0001127602-19-027014,2019-08-15,M,1051,0.0,3749,D,,,,,,
1018724,2019-08-22,AMZN,WILKE JEFFREY A,,0000899243-19-022335,2019-08-20,S,200,1813.281,19694,I,,,,,,
1018724,2019-08-22,AMZN,RUBINSTEIN JONATHAN,,0001127602-19-027254,2019-08-20,G,277,0.0,7616,D,,,,,,
1018724,2019-08-28,AMZN,WILKE JEFFREY A,,0000899243-19-022560,2019-08-26,S,100,1766.5189,18794,I,,,,,,
1018724,2019-09-03,AMZN,Blackburn Jeffrey M,,0001127602-19-027798,2019-08-29,S,100,1778.15,56011,D,,,,,,
1018724,2019-09-05,AMZN,WILKE JEFFREY A,,0000899243-19-022852,2019-09-03,S,200,1799.808,16194,I,,,,,,
1018724,2019-09-16,AMZN,WILKE JEFFREY A,,0000899243-19-023653,2019-09-12,S,200,1852.0128,13694,I,,,,,,
1018724,2019-10-08,AMZN,NOOYI INDRA K,,0001127602-19-030288,2019-10-04,P,100,1726.06,250,D,,,,,,
1018724,2019-10-30,AMZN,McGrath Judith A,,0000899243-19-026347,2019-10-28,S,304,1749.91,2324,D,,,,,,
1018724,2019-11-14,AMZN,BEZOS JEFFREY P,,0001127602-19-032752,2019-11-12,G,1970,0.0,57608389,D,,,,,,
1018724,2019-11-14,AMZN,BEZOS JEFFREY P,,0001127602-19-032752,2019-11-13,G,471,0.0,57607918,D,,,,,,
1018724,2019-11-19,AMZN,Olsavsky Brian T,,0001127602-19-033257,2019-11-15,S,1265,1760.05,1500,D,,,,,,
1018724,2019-11-19,AMZN,WILKE JEFFREY A,,0000899243-19-027600,2019-11-15,M,2709,0.0,13803,I,,,,,,
1018724,2019-11-19,AMZN,WILKE JEFFREY A,,0000899243-19-027600,2019-11-15,S,300,1751.4833,18867,I,,,,,,
1018724,2019-11-19,AMZN,Jassy Andrew R,,0001127602-19-033274,2019-11-15,M,1139,0.0,98596,D,,,,,,
1018724,2019-11-19,AMZN,Jassy Andrew R,,0001127602-19-033274,2019-11-15,S,200,1745.905,105330,D,,,,,,
1018724,2019-11-19,AMZN,Blackburn Jeffrey M,,0001127602-19-033267,2019-11-15,M,1692,0.0,50659,D,,,,,,
1018724,2019-11-19,AMZN,Olsavsky Brian T,,0001127602-19-033257,2019-11-15,M,1480,0.0,2480,D,,,,,,
1018724,2019-11-19,AMZN,Zapolsky David,,0001127602-19-033253,2019-11-15,G,222,0.0,4245,D,,,,,,
1018724,2019-11-19,AMZN,Blackburn Jeffrey M,,0001127602-19-033267,2019-11-15,S,100,1745.64,52440,D,,,,,,
1018724,2019-11-19,AMZN,Zapolsky David,,0001127602-19-033253,2019-11-15,S,100,1746.2,5247,D,,,,,,
1018724,2019-11-19,AMZN,Reynolds Shelley,,0001127602-19-033250,2019-11-15,M,318,0.0,6307,D,,,,,,
1018724,2019-11-19,AMZN,Reynolds Shelley,,0001127602-19-033250,2019-11-15,S,10,1745.46,6358,D,,,,,,
1018724,2019-11-19,AMZN,Huttenlocher Daniel P,,0001127602-19-033247,2019-11-15,M,377,0.0,950,D,,,,,,
1018724,2019-11-19,AMZN,STONESIFER PATRICIA Q,,0001127602-19-033245,2019-11-15,M,359,0.0,6845,D,,,,,,
1018724,2019-11-19,AMZN,RYDER THOMAS O,,0001127602-19-033238,2019-11-15,M,359,0.0,9600,D,,,,,,
1018724,2019-11-19,AMZN,RUBINSTEIN JONATHAN,,0001127602-19-033234,2019-11-15,M,359,0.0,7975,D,,,,,,
1018724,2019-11-19,AMZN,Zapolsky David,,0001127602-19-033253,2019-11-15,M,1051,0.0,4633,D,,,,,,
1018724,2019-11-22,AMZN,WILKE JEFFREY A,,0000899243-19-027990,2019-11-20,S,100,1760.1752,15592,I,,,,,,
1018724,2019-11-25,AMZN,BEZOS JEFFREY P,,0001127602-19-033678,2019-11-21,G,56702,0.0,57551216,D,,,,,,
1018724,2019-12-04,AMZN,RYDER THOMAS O,,0001127602-19-034283,2019-12-02,G,281,0.0,9319,D,,,,,,
1018724,2019-12-30,AMZN,WILKE JEFFREY A,,0000899243-19-030177,2019-12-26,S,100,1862.03,14592,I,,,,,,
1018724,2019-12-31,AMZN,WILKE JEFFREY A,,0000899243-19-030277,2019-12-27,G,3700,0.0,10792,I,,,,,,
1018724,2020-01-06,AMZN,NOOYI INDRA K,,0001127602-20-001164,2020-01-02,P,100,1875.0,350,D,,,,,,
1018724,2020-02-04,AMZN,BEZOS JEFFREY P,,0000899243-20-002843,2020-01-31,S,794,2043.8986,57239631,D,,,,,,
1018724,2020-02-04,AMZN,BEZOS JEFFREY P,,0000899243-20-002849,2020-02-03,S,9443,2028.1881,57001001,D,,,,,,
1018724,2020-02-04,AMZN,WILKE JEFFREY A,,0000899243-20-002855,2020-01-31,G,705,0.0,10792,I,,,,,,
1018724,2020-02-04,AMZN,BEZOS JEFFREY P,,0000899243-20-002843,2020-02-03,S,6649,2004.8505,57207377,D,,,,,,
1018724,2020-02-04,AMZN,BEZOS JEFFREY P,,0000899243-20-002831,2020-01-31,S,1257,2003.1483,57549959,D,,,,,,
1018724,2020-02-05,AMZN,Jassy Andrew R,,0001127602-20-003834,2020-02-03,S,300,2011.7667,102000,D,,,,,,
1018724,2020-02-05,AMZN,Jassy Andrew R,,0001127602-20-003834,2020-02-03,G,200,0.0,95155,D,,,,,,
1018724,2020-02-06,AMZN,BEZOS JEFFREY P,,0000899243-20-003505,2020-02-05,S,16326,2042.4244,56143208,D,,,,,,
1018724,2020-02-06,AMZN,BEZOS JEFFREY P,,0000899243-20-003503,2020-02-04,S,3509,2016.9373,56642251,D,,,,,,
1018724,2020-02-06,AMZN,BEZOS JEFFREY P,,0000899243-20-003503,2020-02-05,S,4744,2034.1491,56235560,D,,,,,,
1018724,2020-02-07,AMZN,BEZOS JEFFREY P,,0000899243-20-003658,2020-02-06,S,4300,2026.4905,55830548,D,,,,,,
1018724,2020-02-11,AMZN,GORELICK JAMIE S,,0001127602-20-004907,2020-02-07,G,250,0.0,6198,D,,,,,,
1018724,2020-02-19,AMZN,GORELICK JAMIE S,,0001127602-20-006587,2020-02-15,M,207,0.0,6405,D,,,,,,
1018724,2020-02-19,AMZN,Jassy Andrew R,,0001127602-20-006605,2020-02-18,S,417,2142.6047,102811,D,,,,,,
1018724,2020-02-19,AMZN,Blackburn Jeffrey M,,0001127602-20-006607,2020-02-18,S,103,2125.3452,52437,D,,,,,,
1018724,2020-02-19,AMZN,BREWER ROSALIND G,,0001127602-20-006565,2020-02-15,M,190,0.0,190,D,,,,,,
1018724,2020-02-19,AMZN,Olsavsky Brian T,,0001127602-20-006603,2020-02-15,M,1480,0.0,2980,D,,,,,,
1018724,2020-02-19,AMZN,WILKE JEFFREY A,,0000899243-20-005183,2020-02-15,M,2709,0.0,13501,I,,,,,,
1018724,2020-02-19,AMZN,Jassy Andrew R,,0001127602-20-006605,2020-02-15,M,1139,0.0,96294,D,,,,,,
1018724,2020-02-19,AMZN,WILKE JEFFREY A,,0000899243-20-005183,2020-02-18,S,200,2164.8796,18665,I,,,,,,
1018724,2020-02-19,AMZN,Olsavsky Brian T,,0001127602-20-006603,2020-02-18,S,1765,2125.02,1500,D,,,,,,
1018724,2020-02-19,AMZN,WEEKS WENDELL P,,0001127602-20-006568,2020-02-15,M,190,0.0,1555,D,,,,,,
1018724,2020-02-19,AMZN,Zapolsky David,,0001127602-20-006599,2020-02-15,M,1051,0.0,5296,D,,,,,,
1018724,2020-02-19,AMZN,Reynolds Shelley,,0001127602-20-006595,2020-02-18,S,100,2126.0,6269,D,,,,,,
1018724,2020-02-19,AMZN,Reynolds Shelley,,0001127602-20-006595,2020-02-15,M,318,0.0,6307,D,,,,,,
1018724,2020-02-19,AMZN,Blackburn Jeffrey M,,0001127602-20-006607,2020-02-15,M,1692,0.0,50659,D,,,,,,
1018724,2020-02-19,AMZN,Zapolsky David,,0001127602-20-006599,2020-02-18,S,352,2125.02,5658,D,,,,,,
1018724,2020-02-25,AMZN,WILKE JEFFREY A,,0000899243-20-005756,2020-02-21,S,1,2118.8,15389,I,,,,,,
1018724,2020-02-25,AMZN,BEZOS JEFFREY P,,0000899243-20-005753,2020-02-24,G,55,0.0,55549167,D,,,,,,
1018724,2020-02-25,AMZN,BEZOS JEFFREY P,,0000899243-20-005753,2020-02-21,G,1994,0.0,55549222,D,,,,,,
1018724,2020-03-04,AMZN,BEZOS JEFFREY P,,0000899243-20-006953,2020-03-02,G,524,0.0,55548643,D,,,,,,
1018724,2020-04-03,AMZN,NOOYI INDRA K,,0001127602-20-013168,2020-04-01,P,2,1921.7,352,D,,,,,,
1018724,2020-04-07,AMZN,BEZOS JEFFREY P,,0000899243-20-010405,2020-04-03,G,52967,0.0,55495676,D,,,,,,
1018724,2020-04-17,AMZN,Zapolsky David,,0001127602-20-014076,2020-04-15,S,310,2300.0,4015,D,,,,,,
1018724,2020-05-06,AMZN,Jassy Andrew R,,0001127602-20-015670,2020-05-04,S,6945,2256.5,93105,D,,,,,,
1018724,2020-05-06,AMZN,RUBINSTEIN JONATHAN,,0001127602-20-015668,2020-05-04,G,437,0.0,7538,D,,,,,,
1018724,2020-05-08,AMZN,STONESIFER PATRICIA Q,,0001127602-20-015946,2020-05-06,S,2200,2329.44,4645,D,,,,,,
1018724,2020-05-08,AMZN,STONESIFER PATRICIA Q,,0001127602-20-015946,2020-05-06,G,550,0.0,4095,D,,,,,,
1018724,2020-05-08,AMZN,BEZOS JEFFREY P,,0001127602-20-015940,2020-05-06,G,3957,0.0,55491719,D,,,,,,
1018724,2020-05-19,AMZN,Zapolsky David,,0001127602-20-017245,2020-05-15,G,424,0.0,3687,D,,,,,,
1018724,2020-05-19,AMZN,WILKE JEFFREY A,,0000899243-20-013603,2020-05-15,M,2791,0.0,17181,I,,,,,,
1018724,2020-05-19,AMZN,NOOYI INDRA K,,0001127602-20-017198,2020-05-15,M,183,0.0,633,D,,,,,,
1018724,2020-05-19,AMZN,Jassy Andrew R,,0001127602-20-017253,2020-05-15,S,424,2372.3426,95472,D,,,,,,
1018724,2020-05-19,AMZN,Zapolsky David,,0001127602-20-017245,2020-05-15,M,1376,0.0,5349,D,,,,,,
1018724,2020-05-19,AMZN,Zapolsky David,,0001127602-20-017245,2020-05-15,S,100,2362.98,5249,D,,,,,,
1018724,2020-05-19,AMZN,WILKE JEFFREY A,,0000899243-20-013603,2020-05-15,S,100,2409.0012,17081,I,,,,,,
1018724,2020-05-19,AMZN,Olsavsky Brian T,,0001127602-20-017229,2020-05-15,M,1137,0.0,2637,D,,,,,,
1018724,2020-05-19,AMZN,Olsavsky Brian T,,0001127602-20-017229,2020-05-15,S,1376,2374.34,1500,D,,,,,,
1018724,2020-05-19,AMZN,BEZOS JEFFREY P,,0001127602-20-017210,2020-05-15,G,347,0.0,55491372,D,,,,,,
1018724,2020-05-19,AMZN,Reynolds Shelley,,0001127602-20-017204,2020-05-15,M,292,0.0,6281,D,,,,,,
1018724,2020-05-19,AMZN,Reynolds Shelley,,0001127602-20-017204,2020-05-15,S,292,2374.34,5989,D,,,,,,
1018724,2020-05-19,AMZN,Jassy Andrew R,,0001127602-20-017253,2020-05-15,M,2791,0.0,95896,D,,,,,,
1018724,2020-05-22,AMZN,WILKE JEFFREY A,,0000899243-20-014027,2020-05-20,S,1869,2499.008,14112,I,,,,,,
1018724,2020-05-27,AMZN,WILKE JEFFREY A,,0000899243-20-014321,2020-05-22,S,100,2451.35,11581,I,,,,,,
1018724,2020-07-02,AMZN,NOOYI INDRA K,,0000899243-20-018375,2020-07-01,P,1,2797.66,707,D,,,,,,
1018724,2020-07-02,AMZN,NOOYI INDRA K,,0000899243-20-018371,2020-07-01,P,3,2758.0233,636,D,,,,,,
1018724,2020-07-02,AMZN,BEZOS JEFFREY P,,0000899243-20-018367,2020-06-30,G,2602,0.0,55488770,D,,,,,,
1018724,2020-08-05,AMZN,BEZOS JEFFREY P,,0001127602-20-022887,2020-08-03,S,2576,3106.2917,55486194,D,,,,,,
1018724,2020-08-05,AMZN,BEZOS JEFFREY P,,0001127602-20-022891,2020-08-04,S,473,3102.8505,54915514,D,,,,,,
1018724,2020-08-05,AMZN,Jassy Andrew R,,0001127602-20-022872,2020-08-03,S,6945,3183.39,87852,D,,,,,,
1018724,2020-08-05,AMZN,BEZOS JEFFREY P,,0001127602-20-022891,2020-08-03,S,9043,3138.4835,55025389,D,,,,,,
1018724,2020-08-05,AMZN,BEZOS JEFFREY P,,0001127602-20-022905,2020-08-04,S,10840,3108.33,54869198,D,,,,,,
1018724,2020-08-05,AMZN,BEZOS JEFFREY P,,0001127602-20-022930,2020-08-04,S,2501,3138.5124,54583923,D,,,,,,
1018724,2020-08-10,AMZN,STONESIFER PATRICIA Q,,0001127602-20-023259,2020-08-06,S,600,3194.36,3495,D,,,,,,
1018724,2020-08-10,AMZN,STONESIFER PATRICIA Q,,0001127602-20-023259,2020-08-06,G,550,0.0,2945,D,,,,,,
1018724,2020-08-18,AMZN,McGrath Judith A,,0001127602-20-023824,2020-08-15,M,304,0.0,2628,D,,,,,,
1018724,2020-08-18,AMZN,Zapolsky David,,0001127602-20-023827,2020-08-17,S,1238,3173.12,3826,D,,,,,,
1018724,2020-08-18,AMZN,Reynolds Shelley,,0001127602-20-023821,2020-08-15,M,292,0.0,6281,D,,,,,,
1018724,2020-08-18,AMZN,Olsavsky Brian T,,0001127602-20-023831,2020-08-15,M,1138,0.0,2638,D,,,,,,
1018724,2020-08-18,AMZN,BEZOS JEFFREY P,,0001127602-20-023818,2020-08-14,G,2941,0.0,54485829,D,,,,,,
1018724,2020-08-18,AMZN,Reynolds Shelley,,0001127602-20-023821,2020-08-17,S,292,3173.12,5989,D,,,,,,
1018724,2020-08-18,AMZN,WILKE JEFFREY A,,0000899243-20-022739,2020-08-15,M,2791,0.0,13722,I,,,,,,
1018724,2020-08-18,AMZN,Zapolsky David,,0001127602-20-023827,2020-08-15,M,1377,0.0,5064,D,,,,,,
1018724,2020-08-18,AMZN,McGrath Judith A,,0001127602-20-023824,2020-08-17,S,304,3173.12,2324,D,,,,,,
1018724,2020-08-18,AMZN,WILKE JEFFREY A,,0000899243-20-022739,2020-08-17,S,100,3190.233,13622,I,,,,,,
1018724,2020-08-18,AMZN,Jassy Andrew R,,0001127602-20-023836,2020-08-17,S,1099,3173.12,89544,D,,,,,,
1018724,2020-08-18,AMZN,Jassy Andrew R,,0001127602-20-023836,2020-08-15,M,2791,0.0,90643,D,,,,,,
1018724,2020-08-18,AMZN,Olsavsky Brian T,,0001127602-20-023831,2020-08-17,S,1377,3173.12,1500,D,,,,,,
1018724,2020-08-26,AMZN,WILKE JEFFREY A,,0000899243-20-023465,2020-08-24,S,100,3323.2716,12422,I,,,,,,
1018724,2020-08-26,AMZN,BEZOS JEFFREY P,,0001127602-20-024284,2020-08-25,G,7548,0.0,54478281,D,,,,,,
1018724,2020-08-31,AMZN,BEZOS JEFFREY P,,0001127602-20-024467,2020-08-27,G,2929,0.0,54475352,D,,,,,,
1018724,2020-08-31,AMZN,BEZOS JEFFREY P,,0001127602-20-024467,2020-08-28,G,589,0.0,54474763,D,,,,,,
1018724,2020-09-02,AMZN,Zapolsky David,,0001127602-20-024639,2020-09-01,G,360,0.0,3466,D,,,,,,
1018724,2020-09-14,AMZN,WILKE JEFFREY A,,0001127602-20-025049,2020-09-10,G,1100,0.0,8900,D,,,,,,
1018724,2020-10-05,AMZN,NOOYI INDRA K,,0001127602-20-026531,2020-10-01,P,1,3175.0,734,D,,,,,,
1018724,2020-10-05,AMZN,NOOYI INDRA K,,0001127602-20-026535,2020-10-01,P,1,3206.88,826,D,,,,,,
1018724,2020-10-21,AMZN,WILKE JEFFREY A,,0000899243-20-028891,2020-10-19,G,550,0.0,11222,I,,,,,,
1018724,2020-11-04,AMZN,WILKE JEFFREY A,,0001127602-20-028197,2020-11-02,S,100,3064.9667,12831,I,,,,,,
1018724,2020-11-04,AMZN,RUBINSTEIN JONATHAN,,0001127602-20-028193,2020-11-02,S,329,3061.74,7209,D,,,,,,
1018724,2020-11-04,AMZN,Jassy Andrew R,,0001127602-20-028201,2020-11-02,S,6945,3061.74,82599,D,,,,,,
1018724,2020-11-04,AMZN,WILKE JEFFREY A,,0001127602-20-028197,2020-11-02,G,1709,0.0,8291,D,,,,,,
1018724,2020-11-04,AMZN,BEZOS JEFFREY P,,0001127602-20-028158,2020-11-03,S,460,3074.94,53474763,D,,,,,,
1018724,2020-11-04,AMZN,BEZOS JEFFREY P,,0001127602-20-028151,2020-11-03,S,3528,3044.3023,53824002,D,,,,,,
1018724,2020-11-04,AMZN,BEZOS JEFFREY P,,0001127602-20-028144,2020-11-03,S,1821,3001.2364,53897785,D,,,,,,
1018724,2020-11-04,AMZN,BEZOS JEFFREY P,,0001127602-20-028128,2020-11-02,S,5818,2984.0292,54312593,D,,,,,,
1018724,2020-11-04,AMZN,BEZOS JEFFREY P,,0001127602-20-028122,2020-11-02,S,1200,2951.005,54473563,D,,,,,,
1018724,2020-11-04,AMZN,BEZOS JEFFREY P,,0001127602-20-028134,2020-11-02,S,2300,3016.0983,54076051,D,,,,,,
1018724,2020-11-04,AMZN,BEZOS JEFFREY P,,0001127602-20-028138,2020-11-02,S,3312,3053.7284,53997103,D,,,,,,
1018724,2020-11-04,AMZN,BEZOS JEFFREY P,,0001127602-20-028138,2020-11-03,S,8404,2983.3668,53938024,D,,,,,,
1018724,2020-11-09,AMZN,RUBINSTEIN JONATHAN,,0001127602-20-028487,2020-11-05,S,309,3319.97,6900,D,,,,,,
1018724,2020-11-10,AMZN,STONESIFER PATRICIA Q,,0001127602-20-028651,2020-11-06,G,550,0.0,1795,D,,,,,,
1018724,2020-11-10,AMZN,STONESIFER PATRICIA Q,,0001127602-20-028651,2020-11-06,S,600,3303.62,2345,D,,,,,,
1018724,2020-11-17,AMZN,Reynolds Shelley,,0001127602-20-029265,2020-11-16,S,293,3085.62,5989,D,,,,,,
1018724,2020-11-17,AMZN,Jassy Andrew R,,0001127602-20-029307,2020-11-16,S,1099,3085.62,81016,D,,,,,,
1018724,2020-11-17,AMZN,Jassy Andrew R,,0001127602-20-029307,2020-11-15,M,2791,0.0,82115,D,,,,,,
1018724,2020-11-17,AMZN,Reynolds Shelley,,0001127602-20-029265,2020-11-15,M,293,0.0,6282,D,,,,,,
1018724,2020-11-17,AMZN,Olsavsky Brian T,,0001127602-20-029296,2020-11-15,M,1138,0.0,2638,D,,,,,,
1018724,2020-11-17,AMZN,Jassy Andrew R,,0001127602-20-029307,2020-11-13,G,3275,0.0,79324,D,,,,,,
1018724,2020-11-17,AMZN,WILKE JEFFREY A,,0000899243-20-031305,2020-11-16,S,100,3126.085,13622,I,,,,,,
1018724,2020-11-17,AMZN,RYDER THOMAS O,,0001127602-20-029257,2020-11-15,M,172,0.0,4491,D,,,,,,
1018724,2020-11-17,AMZN,Zapolsky David,,0001127602-20-029276,2020-11-16,S,1238,3085.62,3605,D,,,,,,
1018724,2020-11-17,AMZN,STONESIFER PATRICIA Q,,0001127602-20-029261,2020-11-15,M,172,0.0,1967,D,,,,,,
1018724,2020-11-17,AMZN,Huttenlocher Daniel P,,0001127602-20-029250,2020-11-15,M,172,0.0,1122,D,,,,,,
1018724,2020-11-17,AMZN,RUBINSTEIN JONATHAN,,0001127602-20-029253,2020-11-15,M,172,0.0,7072,D,,,,,,
1018724,2020-11-17,AMZN,WILKE JEFFREY A,,0000899243-20-031305,2020-11-15,M,2791,0.0,13722,I,,,,,,
1018724,2020-11-17,AMZN,Olsavsky Brian T,,0001127602-20-029296,2020-11-16,S,1377,3085.62,1500,D,,,,,,
1018724,2020-11-17,AMZN,Zapolsky David,,0001127602-20-029276,2020-11-15,M,1377,0.0,4843,D,,,,,,
1018724,2020-11-20,AMZN,BEZOS JEFFREY P,,0001127602-20-029688,2020-11-18,G,220825,0.0,53253938,D,,,,,,
1018724,2020-11-24,AMZN,Huttenlocher Daniel P,,0001127602-20-029940,2020-11-20,S,6,3100.53,1116,D,,,,,,
1018724,2020-11-24,AMZN,BEZOS JEFFREY P,,0001127602-20-029932,2020-11-20,G,1650,0.0,53252288,D,,,,,,
1018724,2020-11-24,AMZN,BEZOS JEFFREY P,,0001127602-20-029932,2020-11-23,G,249,0.0,53252039,D,,,,,,
1018724,2020-11-25,AMZN,WILKE JEFFREY A,,0000899243-20-032172,2020-11-23,S,300,3100.7567,12222,I,,,,,,
1018724,2020-11-27,AMZN,WILKE JEFFREY A,,0000899243-20-032270,2020-11-24,G,368,0.0,11772,I,,,,,,
1018724,2020-12-03,AMZN,WILKE JEFFREY A,,0001127602-20-030439,2020-12-01,S,100,3242.7774,12504,I,,,,,,
1018724,2020-12-03,AMZN,WILKE JEFFREY A,,0001127602-20-030439,2020-12-01,G,832,0.0,7459,D,,,,,,
1018724,2020-12-03,AMZN,BEZOS JEFFREY P,,0001127602-20-030432,2020-12-02,G,20487,0.0,53220618,D,,,,,,
1018724,2020-12-03,AMZN,BEZOS JEFFREY P,,0001127602-20-030432,2020-12-01,G,10934,0.0,53241105,D,,,,,,
1018724,2021-01-04,AMZN,WILKE JEFFREY A,,0000899243-21-000114,2020-12-30,G,1510,0.0,28748,I,,,,,,
1018724,2021-01-07,AMZN,RUBINSTEIN JONATHAN,,0001127602-21-001196,2021-01-05,S,314,3166.01,6758,D,,,,,,
1018724,2021-02-08,AMZN,McGrath Judith A,,0001127602-21-004466,2021-02-04,S,340,3328.35,1984,D,,,,,,
1018724,2021-02-16,AMZN,GORELICK JAMIE S,,0001127602-21-005947,2021-02-15,M,207,0.0,6612,D,,,,,,
1018724,2021-02-16,AMZN,WEEKS WENDELL P,,0001127602-21-005939,2021-02-15,M,190,0.0,1745,D,,,,,,
1018724,2021-02-16,AMZN,BREWER ROSALIND G,,0001127602-21-005912,2021-02-15,M,190,0.0,380,D,,,,,,
1018724,2021-02-17,AMZN,Clark David H,,0000899243-21-006932,2021-02-16,S,1019,3257.88,1452,D,,,,,,
1018724,2021-02-17,AMZN,Olsavsky Brian T,,0001127602-21-006265,2021-02-15,M,1138,0.0,2638,D,,,,,,
1018724,2021-02-17,AMZN,Olsavsky Brian T,,0001127602-21-006265,2021-02-16,S,1177,3257.88,1700,D,,,,,,
1018724,2021-02-17,AMZN,Zapolsky David,,0001127602-21-006273,2021-02-16,S,1238,3257.88,3744,D,,,,,,
1018724,2021-02-17,AMZN,Zapolsky David,,0001127602-21-006273,2021-02-15,M,1377,0.0,4982,D,,,,,,
1018724,2021-02-17,AMZN,Zapolsky David,,0001127602-21-006273,2021-02-16,G,77,0.0,3667,D,,,,,,
1018724,2021-02-17,AMZN,Reynolds Shelley,,0001127602-21-006243,2021-02-15,M,293,0.0,6282,D,,,,,,
1018724,2021-02-17,AMZN,Jassy Andrew R,,0001127602-21-006286,2021-02-15,M,2792,0.0,83808,D,,,,,,
1018724,2021-02-17,AMZN,Jassy Andrew R,,0001127602-21-006286,2021-02-16,S,392,3300.237,83416,D,,,,,,
1018724,2021-02-17,AMZN,Reynolds Shelley,,0001127602-21-006243,2021-02-16,S,293,3257.88,5989,D,,,,,,
1018724,2021-02-17,AMZN,BEZOS JEFFREY P,,0001127602-21-006212,2021-02-12,G,8572,0.0,53212046,D,,,,,,
1018724,2021-02-23,AMZN,Zapolsky David,,0001127602-21-007360,2021-02-19,S,179,3328.23,3488,D,,,,,,
1018724,2021-02-25,AMZN,BEZOS JEFFREY P,,0001127602-21-007893,2021-02-23,G,2303,0.0,53209743,D,,,,,,
1018724,2021-02-25,AMZN,BEZOS JEFFREY P,,0001127602-21-007893,2021-02-24,G,474,0.0,53209269,D,,,,,,
1018724,2021-05-03,AMZN,Clark David H,,0001127602-21-014979,2021-04-29,S,278,3506.8,1174,D,,,,,,
1018724,2021-05-05,AMZN,BEZOS JEFFREY P,,0001127602-21-015540,2021-05-03,S,1700,3373.2741,53207569,D,,,,,,
1018724,2021-05-05,AMZN,BEZOS JEFFREY P,,0001127602-21-015571,2021-05-04,S,2838,3307.2581,52627025,D,,,,,,
1018724,2021-05-05,AMZN,BEZOS JEFFREY P,,0001127602-21-015557,2021-05-04,S,2000,3274.2905,52837753,D,,,,,,
1018724,2021-05-05,AMZN,BEZOS JEFFREY P,,0001127602-21-015565,2021-05-04,S,400,3276.0383,52837353,D,,,,,,
1018724,2021-05-05,AMZN,BEZOS JEFFREY P,,0001127602-21-015551,2021-05-03,S,6904,3405.2443,53041467,D,,,,,,
1018724,2021-05-05,AMZN,BEZOS JEFFREY P,,0001127602-21-015575,2021-05-04,S,2651,3342.024,52518782,D,,,,,,
1018724,2021-05-05,AMZN,BEZOS JEFFREY P,,0001127602-21-015557,2021-05-03,S,8554,3446.6167,52941144,D,,,,,,
1018724,2021-05-07,AMZN,BEZOS JEFFREY P,,0001127602-21-015902,2021-05-06,S,600,3249.12,52100121,D,,,,,,
1018724,2021-05-07,AMZN,BEZOS JEFFREY P,,0001127602-21-015892,2021-05-05,S,2026,3298.4529,52315553,D,,,,,,
1018724,2021-05-07,AMZN,BEZOS JEFFREY P,,0001127602-21-015882,2021-05-05,S,2200,3266.4577,52468037,D,,,,,,
1018724,2021-05-07,AMZN,BEZOS JEFFREY P,,0001127602-21-015917,2021-05-06,S,10700,3299.9582,51787134,D,,,,,,
1018724,2021-05-07,AMZN,BEZOS JEFFREY P,,0001127602-21-015911,2021-05-06,S,4224,3268.9691,52028199,D,,,,,,
1018724,2021-05-07,AMZN,BEZOS JEFFREY P,,0001127602-21-015902,2021-05-05,S,2510,3335.5371,52128925,D,,,,,,
1018724,2021-05-10,ATSG,AMAZON COM INC,,0000899243-21-018927,2021-05-07,X,12810629,9.73,13676177,I,,,,,,
1018724,2021-05-11,AMZN,BEZOS JEFFREY P,,0001127602-21-016245,2021-05-07,S,2454,3321.8494,51376830,D,,,,,,
1018724,2021-05-11,AMZN,BEZOS JEFFREY P,,0001127602-21-016252,2021-05-10,S,3971,3216.2106,51297438,D,,,,,,
1018724,2021-05-11,AMZN,BEZOS JEFFREY P,,0001127602-21-016232,2021-05-07,S,34,3290.0424,51731171,D,,,,,,
1018724,2021-05-11,AMZN,BEZOS JEFFREY P,,0001127602-21-016257,2021-05-10,S,800,3250.4325,51225722,D,,,,,,
1018724,2021-05-11,AMZN,BEZOS JEFFREY P,,0001127602-21-016245,2021-05-10,S,46,3190.0789,51361643,D,,,,,,
1018724,2021-05-18,AMZN,Jassy Andrew R,,0001127602-21-017267,2021-05-15,M,2153,0.0,84862,D,,,,,,
1018724,2021-05-18,AMZN,Olsavsky Brian T,,0001127602-21-017253,2021-05-17,S,910,3245.93,1850,D,,,,,,
1018724,2021-05-18,AMZN,Clark David H,,0001127602-21-017259,2021-05-15,M,1425,0.0,2599,D,,,,,,
1018724,2021-05-18,AMZN,Reynolds Shelley,,0001127602-21-017250,2021-05-17,S,222,3245.93,5989,D,,,,,,
1018724,2021-05-18,AMZN,Olsavsky Brian T,,0001127602-21-017253,2021-05-15,M,1060,0.0,2760,D,,,,,,
1018724,2021-05-18,AMZN,Zapolsky David,,0001127602-21-017255,2021-05-17,S,1092,3245.93,3456,D,,,,,,
1018724,2021-05-18,AMZN,Zapolsky David,,0001127602-21-017255,2021-05-15,M,1060,0.0,4548,D,,,,,,
1018724,2021-05-18,AMZN,Clark David H,,0001127602-21-017259,2021-05-17,S,784,3245.93,1815,D,,,,,,
1018724,2021-05-18,AMZN,Reynolds Shelley,,0001127602-21-017250,2021-05-15,M,222,0.0,6211,D,,,,,,
1018724,2021-05-18,AMZN,Jassy Andrew R,,0001127602-21-017267,2021-05-17,S,848,3245.93,84014,D,,,,,,
1018724,2021-05-18,AMZN,NOOYI INDRA K,,0001127602-21-017247,2021-05-15,M,183,0.0,1016,D,,,,,,
1018724,2021-05-25,AMZN,Clark David H,,0001127602-21-018015,2021-05-21,S,105,3250.0,1900,D,,,,,,
1018724,2021-05-25,AMZN,Clark David H,,0001127602-21-018015,2021-05-21,M,190,0.0,2005,D,,,,,,
1018724,2021-05-25,AMZN,Jassy Andrew R,,0001127602-21-018017,2021-05-21,S,492,3250.0,84772,D,,,,,,
1018724,2021-05-25,AMZN,Jassy Andrew R,,0001127602-21-018017,2021-05-21,M,1250,0.0,85264,D,,,,,,
1018724,2021-06-03,AMZN,BEZOS JEFFREY P,,0001127602-21-018995,2021-06-02,G,765,0.0,51206675,D,,,,,,
1018724,2021-06-03,AMZN,BEZOS JEFFREY P,,0001127602-21-018995,2021-06-01,G,1829,0.0,51207440,D,,,,,,
1018724,2021-07-09,AMZN,Clark David H,,0001127602-21-021753,2021-07-07,S,243,3717.29,1657,D,,,,,,
1018724,2021-08-04,AMZN,RUBINSTEIN JONATHAN,,0001127602-21-023080,2021-08-02,S,301,3353.1,6457,D,,,,,,
1018724,2021-08-09,AMZN,BEZOS JEFFREY P,,0001127602-21-023341,2021-08-05,G,8915,0.0,51197760,D,,,,,,
1018724,2021-08-12,AMZN,BEZOS JEFFREY P,,0001127602-21-023601,2021-08-10,G,3658,0.0,51194102,D,,,,,,
1018724,2021-08-12,AMZN,BEZOS JEFFREY P,,0001127602-21-023601,2021-08-11,G,2790,0.0,51191312,D,,,,,,
1018724,2021-08-17,AMZN,Clark David H,,0001127602-21-023939,2021-08-15,M,1425,0.0,3082,D,,,,,,
1018724,2021-08-17,AMZN,Jassy Andrew R,,0001127602-21-023941,2021-08-15,M,2153,0.0,86925,D,,,,,,
1018724,2021-08-17,AMZN,Clark David H,,0001127602-21-023939,2021-08-16,S,784,3283.0,2298,D,,,,,,
1018724,2021-08-17,AMZN,Zapolsky David,,0001127602-21-023935,2021-08-15,M,1060,0.0,4516,D,,,,,,
1018724,2021-08-17,AMZN,Jassy Andrew R,,0001127602-21-023941,2021-08-16,S,848,3283.0,86077,D,,,,,,
1018724,2021-08-17,AMZN,Selipsky Adam,,0000899243-21-033309,2021-08-16,S,1356,3283.0,2798,D,,,,,,
1018724,2021-08-17,AMZN,Zapolsky David,,0001127602-21-023935,2021-08-16,S,954,3283.0,3562,D,,,,,,
1018724,2021-08-17,AMZN,Reynolds Shelley,,0001127602-21-023930,2021-08-16,S,222,3283.0,5989,D,,,,,,
1018724,2021-08-17,AMZN,Reynolds Shelley,,0001127602-21-023930,2021-08-15,M,222,0.0,6211,D,,,,,,
1018724,2021-08-17,AMZN,Olsavsky Brian T,,0001127602-21-023933,2021-08-15,M,1060,0.0,2910,D,,,,,,
1018724,2021-08-17,AMZN,Olsavsky Brian T,,0001127602-21-023933,2021-08-16,S,910,3283.0,2000,D,,,,,,
1018724,2021-08-17,AMZN,McGrath Judith A,,0001127602-21-023922,2021-08-15,M,96,0.0,2080,D,,,,,,
1018724,2021-08-20,AMZN,Zapolsky David,,0001127602-21-024115,2021-08-18,S,139,3241.99,3423,D,,,,,,
1018724,2021-08-24,AMZN,Jassy Andrew R,,0001127602-21-024251,2021-08-21,M,1250,0.0,87327,D,,,,,,
1018724,2021-08-24,AMZN,Jassy Andrew R,,0001127602-21-024251,2021-08-23,S,492,3211.9,86835,D,,,,,,
1018724,2021-08-24,AMZN,Clark David H,,0001127602-21-024245,2021-08-21,M,190,0.0,2488,D,,,,,,
1018724,2021-08-24,AMZN,Clark David H,,0001127602-21-024245,2021-08-23,S,105,3211.9,2383,D,,,,,,
1018724,2021-09-02,AMZN,RUBINSTEIN JONATHAN,,0001127602-21-024795,2021-09-01,S,286,3500.0,6171,D,,,,,,
1018724,2021-09-02,AMZN,BEZOS JEFFREY P,,0001127602-21-024788,2021-08-31,G,30571,0.0,51160741,D,,,,,,
1018724,2021-09-02,AMZN,BEZOS JEFFREY P,,0001127602-21-024788,2021-09-01,G,19142,0.0,51141599,D,,,,,,
1018724,2021-10-19,AMZN,GORELICK JAMIE S,,0001127602-21-027368,2021-10-15,G,3400,0.0,3212,D,,,,,,
1018724,2021-11-03,AMZN,BEZOS JEFFREY P,,0001127602-21-028339,2021-11-02,S,4881,3313.3821,50578302,D,,,,,,
1018724,2021-11-03,AMZN,BEZOS JEFFREY P,,0001127602-21-028329,2021-11-01,S,1000,3370.038,50837974,D,,,,,,
1018724,2021-11-03,AMZN,BEZOS JEFFREY P,,0001127602-21-028329,2021-11-02,S,2600,3284.5721,50834774,D,,,,,,
1018724,2021-11-03,AMZN,BEZOS JEFFREY P,,0001127602-21-028320,2021-11-01,S,2383,3325.9762,51013048,D,,,,,,
1018724,2021-11-03,AMZN,BEZOS JEFFREY P,,0001127602-21-028314,2021-11-01,S,1600,3293.3488,51139999,D,,,,,,
1018724,2021-11-05,AMZN,BEZOS JEFFREY P,,0001127602-21-028488,2021-11-04,S,300,3435.5767,50211344,D,,,,,,
1018724,2021-11-05,AMZN,BEZOS JEFFREY P,,0001127602-21-028492,2021-11-04,S,100,3469.63,50174199,D,,,,,,
1018724,2021-11-05,AMZN,BEZOS JEFFREY P,,0001127602-21-028485,2021-11-04,S,100,3378.37,50221024,D,,,,,,
1018724,2021-11-05,AMZN,BEZOS JEFFREY P,,0001127602-21-028480,2021-11-03,S,400,3368.4675,50293179,D,,,,,,
1018724,2021-11-05,AMZN,BEZOS JEFFREY P,,0001127602-21-028480,2021-11-04,S,1200,3368.6033,50227724,D,,,,,,
1018724,2021-11-05,AMZN,BEZOS JEFFREY P,,0001127602-21-028472,2021-11-03,S,4000,3332.9862,50357009,D,,,,,,
1018724,2021-11-05,AMZN,BEZOS JEFFREY P,,0001127602-21-028465,2021-11-03,S,5644,3299.5135,50527505,D,,,,,,
1018724,2021-11-12,AMZN,GORELICK JAMIE S,,0001127602-21-028983,2021-11-09,G,818,0.0,2394,D,,,,,,
1018724,2021-11-12,AMZN,BEZOS JEFFREY P,,0001127602-21-028972,2021-11-09,G,14093,0.0,50127506,D,,,,,,
1018724,2021-11-12,AMZN,BEZOS JEFFREY P,,0001127602-21-028972,2021-11-10,G,2190,0.0,50125316,D,,,,,,
1018724,2021-11-12,RIVN,AMAZON COM INC,,0000899243-21-044350,2021-11-10,C,86186650,,86186650,I,,,,,,
1018724,2021-11-12,RIVN,AMAZON COM INC,,0000899243-21-044350,2021-11-10,A,2564102,78.0,158363834,I,,,,,,
1018724,2021-11-17,AMZN,Selipsky Adam,,0000899243-21-045109,2021-11-15,S,177,3533.3042,4316,D,,,,,,
1018724,2021-11-17,AMZN,Clark David H,,0001127602-21-029499,2021-11-15,S,785,3537.0,3024,D,,,,,,
1018724,2021-11-17,AMZN,Zapolsky David,,0001127602-21-029497,2021-11-15,S,954,3537.0,3529,D,,,,,,
1018724,2021-11-17,AMZN,STONESIFER PATRICIA Q,,0001127602-21-029490,2021-11-15,M,172,0.0,2139,D,,,,,,
1018724,2021-11-17,AMZN,Jassy Andrew R,,0001127602-21-029502,2021-11-15,S,124,3533.1371,88864,D,,,,,,
1018724,2021-11-17,AMZN,Reynolds Shelley,,0001127602-21-029493,2021-11-15,S,222,3537.0,5989,D,,,,,,
1018724,2021-11-17,AMZN,RUBINSTEIN JONATHAN,,0001127602-21-029486,2021-11-15,M,172,0.0,6343,D,,,,,,
1018724,2021-11-17,AMZN,RYDER THOMAS O,,0001127602-21-029488,2021-11-15,M,172,0.0,6157,D,,,,,,
1018724,2021-11-17,AMZN,Selipsky Adam,,0000899243-21-045109,2021-11-16,S,34,3539.0,3747,D,,,,,,
1018724,2021-11-17,AMZN,Jassy Andrew R,,0001127602-21-029502,2021-11-15,M,2153,0.0,88988,D,,,,,,
1018724,2021-11-17,AMZN,Zapolsky David,,0001127602-21-029497,2021-11-17,S,139,3564.72,3390,D,,,,,,
1018724,2021-11-17,AMZN,Zapolsky David,,0001127602-21-029497,2021-11-17,G,29,0.0,3361,D,,,,,,
1018724,2021-11-17,AMZN,Alexander Keith Brian,,0001127602-21-029482,2021-11-15,M,96,0.0,96,D,,,,,,
1018724,2021-11-17,AMZN,Huttenlocher Daniel P,,0001127602-21-029484,2021-11-15,M,172,0.0,1122,D,,,,,,
1018724,2021-11-17,AMZN,Clark David H,,0001127602-21-029499,2021-11-15,M,1426,0.0,3809,D,,,,,,
1018724,2021-11-17,AMZN,Reynolds Shelley,,0001127602-21-029493,2021-11-15,M,222,0.0,6211,D,,,,,,
1018724,2021-11-17,AMZN,Olsavsky Brian T,,0001127602-21-029495,2021-11-15,M,1060,0.0,3060,D,,,,,,
1018724,2021-11-17,AMZN,Olsavsky Brian T,,0001127602-21-029495,2021-11-15,S,910,3537.0,2150,D,,,,,,
1018724,2021-11-17,AMZN,Zapolsky David,,0001127602-21-029497,2021-11-15,M,1060,0.0,4483,D,,,,,,
1018724,2021-11-19,AMZN,Huttenlocher Daniel P,,0001127602-21-029696,2021-11-18,S,86,3563.61,1036,D,,,,,,
1018724,2021-11-19,AMZN,RUBINSTEIN JONATHAN,,0001127602-21-029701,2021-11-18,S,271,3700.0,6072,D,,,,,,
1018724,2021-11-19,AMZN,BEZOS JEFFREY P,,0001127602-21-029685,2021-11-18,G,23296,0.0,50102020,D,,,,,,
1018724,2021-11-19,AMZN,GORELICK JAMIE S,,0001127602-21-029690,2021-11-18,G,140,0.0,2254,D,,,,,,
1018724,2021-11-23,AMZN,Jassy Andrew R,,0000899243-21-045788,2021-11-21,M,1250,0.0,89390,D,,,,,,
1018724,2021-11-23,AMZN,Jassy Andrew R,,0000899243-21-045788,2021-11-22,S,492,3676.0,88898,D,,,,,,
1018724,2021-11-23,AMZN,Clark David H,,0000899243-21-045782,2021-11-21,M,190,0.0,3214,D,,,,,,
1018724,2021-11-23,AMZN,Clark David H,,0000899243-21-045782,2021-11-22,S,105,3676.0,3109,D,,,,,,
1018724,2021-12-01,AMZN,McGrath Judith A,,0001127602-21-029910,2021-11-29,G,28,0.0,2052,D,,,,,,
1018724,2021-12-02,AMZN,BEZOS JEFFREY P,,0001127602-21-030111,2021-11-30,G,37233,0.0,50064787,D,,,,,,
1018724,2021-12-02,AMZN,BEZOS JEFFREY P,,0001127602-21-030111,2021-12-01,G,34904,0.0,50029883,D,,,,,,
1018724,2021-12-06,AMZN,Selipsky Adam,,0000899243-21-046964,2021-12-02,S,34,3460.0,3713,D,,,,,,
1018724,2021-12-06,AMZN,Selipsky Adam,,0000899243-21-046964,2021-12-03,S,35,3455.0,3678,D,,,,,,
1018724,2021-12-06,AMZN,BEZOS JEFFREY P,,0001127602-21-030359,2021-12-02,G,55305,0.0,49974578,D,,,,,,
1018724,2021-12-06,AMZN,BEZOS JEFFREY P,,0001127602-21-030359,2021-12-03,G,10531,0.0,49964047,D,,,,,,
1018724,2021-12-22,AMZN,Selipsky Adam,,0000899243-21-049405,2021-12-20,S,34,3337.0,3644,D,,,,,,
1018724,2021-12-22,AMZN,Selipsky Adam,,0000899243-21-049405,2021-12-21,S,35,3357.01,3609,D,,,,,,
1018724,2022-01-07,AMZN,Selipsky Adam,,0000899243-22-001363,2022-01-05,S,34,3337.66,3575,D,,,,,,
1018724,2022-01-07,AMZN,Selipsky Adam,,0000899243-22-001363,2022-01-06,S,35,3270.0,3540,D,,,,,,
1018724,2022-02-14,AMZN,BEZOS JEFFREY P,,0001127602-22-004791,2022-02-10,G,27086,0.0,49936961,D,,,,,,
1018724,2022-02-14,AMZN,BEZOS JEFFREY P,,0001127602-22-004791,2022-02-11,G,4279,0.0,49932682,D,,,,,,
1018724,2022-02-17,AMZN,Zapolsky David,,0001127602-22-005516,2022-02-16,G,103,0.0,3119,D,,,,,,
1018724,2022-02-17,AMZN,Jassy Andrew R,,0001127602-22-005523,2022-02-15,M,2154,0.0,91052,D,,,,,,
1018724,2022-02-17,AMZN,Clark David H,,0001127602-22-005518,2022-02-15,S,1027,3150.92,3508,D,,,,,,
1018724,2022-02-17,AMZN,Clark David H,,0001127602-22-005518,2022-02-15,M,1426,0.0,4535,D,,,,,,
1018724,2022-02-17,AMZN,Selipsky Adam,,0000899243-22-006836,2022-02-15,S,679,3150.92,4557,D,,,,,,
1018724,2022-02-17,AMZN,Reynolds Shelley,,0001127602-22-005512,2022-02-15,M,222,0.0,6211,D,,,,,,
1018724,2022-02-17,AMZN,Jassy Andrew R,,0001127602-22-005523,2022-02-15,S,848,3150.92,90204,D,,,,,,
1018724,2022-02-17,AMZN,WEEKS WENDELL P,,0001127602-22-005496,2022-02-15,M,190,0.0,1935,D,,,,,,
1018724,2022-02-17,AMZN,Zapolsky David,,0001127602-22-005516,2022-02-15,M,1060,0.0,4421,D,,,,,,
1018724,2022-02-17,AMZN,GORELICK JAMIE S,,0001127602-22-005483,2022-02-15,M,98,0.0,2352,D,,,,,,
1018724,2022-02-17,AMZN,Olsavsky Brian T,,0001127602-22-005514,2022-02-15,S,910,3150.92,2300,D,,,,,,
1018724,2022-02-17,AMZN,Zapolsky David,,0001127602-22-005516,2022-02-15,S,1060,3150.92,3361,D,,,,,,
1018724,2022-02-17,AMZN,Reynolds Shelley,,0001127602-22-005512,2022-02-15,S,222,3150.92,5989,D,,,,,,
1018724,2022-02-17,AMZN,Zapolsky David,,0001127602-22-005516,2022-02-16,S,139,3115.81,3222,D,,,,,,
1018724,2022-02-17,AMZN,Olsavsky Brian T,,0001127602-22-005514,2022-02-15,M,1060,0.0,3210,D,,,,,,
1018724,2022-02-23,AMZN,Jassy Andrew R,,0001127602-22-006358,2022-02-21,M,1250,0.0,91454,D,,,,,,
1018724,2022-02-23,AMZN,Jassy Andrew R,,0001127602-22-006358,2022-02-22,S,492,3009.57,90962,D,,,,,,
1018724,2022-02-23,AMZN,Clark David H,,0001127602-22-006336,2022-02-21,M,190,0.0,3698,D,,,,,,
1018724,2022-02-23,AMZN,Clark David H,,0001127602-22-006336,2022-02-22,S,137,3009.57,3561,D,,,,,,
1018724,2022-03-03,AMZN,BEZOS JEFFREY P,,0001127602-22-007990,2022-03-01,G,3948,0.0,49928734,D,,,,,,
1018724,2022-03-03,AMZN,BEZOS JEFFREY P,,0001127602-22-007990,2022-03-02,G,990,0.0,49927744,D,,,,,,
1018724,2022-03-22,AMZN,Selipsky Adam,,0000899243-22-011803,2022-03-18,S,344,3200.0,4213,D,,,,,,
1018724,2022-04-01,AMZN,Selipsky Adam,,0000899243-22-013133,2022-03-30,S,34,3370.19,4179,D,,,,,,
1018724,2022-04-01,AMZN,Selipsky Adam,,0000899243-22-013133,2022-03-31,S,35,3326.6,4144,D,,,,,,
1018724,2022-05-05,AMZN,BEZOS JEFFREY P,,0001127602-22-013500,2022-05-03,G,823,0.0,49926921,D,,,,,,
1018724,2022-05-05,AMZN,BEZOS JEFFREY P,,0001127602-22-013500,2022-05-04,G,46904,0.0,49880017,D,,,,,,
1018724,2022-05-16,AMZN,BEZOS JEFFREY P,,0001127602-22-014651,2022-05-12,G,11730,0.0,49868287,D,,,,,,
1018724,2022-05-16,AMZN,BEZOS JEFFREY P,,0001127602-22-014651,2022-05-13,G,4712,0.0,49863575,D,,,,,,
1018724,2022-05-17,AMZN,Jassy Andrew R,,0001127602-22-014773,2022-05-15,M,3000,0.0,93962,D,,,,,,
1018724,2022-05-17,AMZN,Jassy Andrew R,,0001127602-22-014773,2022-05-16,S,1181,2262.0,92781,D,,,,,,
1018724,2022-05-17,AMZN,Selipsky Adam,,0001127602-22-014763,2022-05-15,M,1474,0.0,5618,D,,,,,,
1018724,2022-05-17,AMZN,Selipsky Adam,,0001127602-22-014763,2022-05-16,S,590,2262.0,5028,D,,,,,,
1018724,2022-05-17,AMZN,NOOYI INDRA K,,0001127602-22-014759,2022-05-15,M,183,0.0,1199,D,,,,,,
1018724,2022-05-24,AMZN,Olsavsky Brian T,,0001127602-22-015456,2022-05-23,S,761,2169.22,2375,D,,,,,,
1018724,2022-05-24,AMZN,Olsavsky Brian T,,0001127602-22-015456,2022-05-21,M,688,0.0,2988,D,,,,,,
1018724,2022-05-24,AMZN,Clark David H,,0001127602-22-015458,2022-05-21,M,364,0.0,3925,D,,,,,,
1018724,2022-05-24,AMZN,Clark David H,,0001127602-22-015458,2022-05-23,S,2270,2169.22,6695,D,,,,,,
1018724,2022-05-24,AMZN,Reynolds Shelley,,0001127602-22-015450,2022-05-21,M,116,0.0,6105,D,,,,,,
1018724,2022-05-24,AMZN,Zapolsky David,,0001127602-22-015452,2022-05-21,M,688,0.0,3807,D,,,,,,
1018724,2022-05-24,AMZN,Reynolds Shelley,,0001127602-22-015450,2022-05-23,S,173,2169.22,5989,D,,,,,,
1018724,2022-05-24,AMZN,Zapolsky David,,0001127602-22-015452,2022-05-23,S,418,2169.22,3537,D,,,,,,
1018724,2022-05-25,AMZN,BEZOS JEFFREY P,,0001127602-22-015604,2022-05-23,G,7991,0.0,49855584,D,,,,,,
1018724,2022-08-08,AMZN,GORELICK JAMIE S,,0001127602-22-020705,2022-08-04,G,3533,0.0,57527,I,,,,,,
1018724,2022-08-17,AMZN,McGrath Judith A,,0001127602-22-021201,2022-08-15,M,1920,0.0,42960,D,,,,,,
1018724,2022-08-17,AMZN,Selipsky Adam,,0001127602-22-021216,2022-08-15,M,29480,0.0,130040,D,,,,,,
1018724,2022-08-17,AMZN,Selipsky Adam,,0001127602-22-021216,2022-08-16,S,270,142.6133,117450,D,,,,,,
1018724,2022-08-17,AMZN,Zapolsky David,,0001127602-22-021212,2022-08-16,S,10480,145.0084,60260,D,,,,,,
1018724,2022-08-17,AMZN,Selipsky Adam,,0001127602-22-021216,2022-08-15,S,6858,141.9894,123182,D,,,,,,
1018724,2022-08-17,AMZN,Jassy Andrew R,,0001127602-22-021219,2022-08-15,M,60000,0.0,1915620,D,,,,,,
1018724,2022-08-17,AMZN,Jassy Andrew R,,0001127602-22-021219,2022-08-15,S,15148,141.946,1900472,D,,,,,,
1018724,2022-08-23,AMZN,Herrington Douglas J,,0000899243-22-029549,2022-08-22,S,4446,133.7739,501574,D,,,,,,
1018724,2022-08-23,AMZN,Olsavsky Brian T,,0001127602-22-021474,2022-08-21,M,13760,0.0,61260,D,,,,,,
1018724,2022-08-23,AMZN,Olsavsky Brian T,,0001127602-22-021474,2022-08-22,S,16720,135.55,47500,D,,,,,,
1018724,2022-08-23,AMZN,Zapolsky David,,0001127602-22-021471,2022-08-21,M,13760,0.0,74020,D,,,,,,
1018724,2022-08-23,AMZN,Zapolsky David,,0001127602-22-021471,2022-08-22,S,4746,133.7617,72234,D,,,,,,
1018724,2022-08-23,AMZN,Reynolds Shelley,,0001127602-22-021467,2022-08-21,M,2320,0.0,122100,D,,,,,,
1018724,2022-08-23,AMZN,Reynolds Shelley,,0001127602-22-021467,2022-08-22,S,2036,133.7612,121224,D,,,,,,
1018724,2022-08-25,AMZN,BEZOS JEFFREY P,,0001127602-22-021594,2022-08-23,G,701651,0.0,996410029,D,,,,,,
1018724,2022-08-25,AMZN,BEZOS JEFFREY P,,0001127602-22-021594,2022-08-24,G,278052,0.0,996131977,D,,,,,,
1018724,2022-09-01,AMZN,Selipsky Adam,,0001127602-22-021903,2022-08-30,S,300,127.5981,116920,D,,,,,,
1018724,2022-09-01,AMZN,Selipsky Adam,,0001127602-22-021903,2022-08-31,S,290,128.0417,116410,D,,,,,,
1018724,2022-09-16,AMZN,Selipsky Adam,,0001127602-22-022548,2022-09-14,S,378,127.2237,115822,D,,,,,,
1018724,2022-09-16,AMZN,Selipsky Adam,,0001127602-22-022548,2022-09-15,S,147,127.1468,115533,D,,,,,,
1018724,2022-10-03,AMZN,Selipsky Adam,,0001127602-22-023258,2022-09-29,S,323,114.2062,114857,D,,,,,,
1018724,2022-10-03,AMZN,Selipsky Adam,,0001127602-22-023258,2022-09-30,S,172,113.9323,114488,D,,,,,,
1018724,2022-10-11,ATSG,AMAZON COM INC,,0000899243-22-033396,2022-10-07,S,250000,23.61,14178445,I,,,,,,
1018724,2022-10-19,AMZN,Selipsky Adam,,0001127602-22-024172,2022-10-17,S,51,110.7859,114109,D,,,,,,
1018724,2022-10-19,AMZN,Selipsky Adam,,0001127602-22-024172,2022-10-18,S,88,115.3268,113552,D,,,,,,
1018724,2022-11-03,AMZN,Selipsky Adam,,0001127602-22-024928,2022-11-01,S,120,100.5525,113020,D,,,,,,
1018724,2022-11-07,AMZN,BEZOS JEFFREY P,,0001127602-22-025033,2022-11-03,G,1904842,0.0,994227135,D,,,,,,
1018724,2022-11-07,AMZN,BEZOS JEFFREY P,,0001127602-22-025033,2022-11-04,G,43561,0.0,994183574,D,,,,,,
1018724,2022-11-16,AMZN,GORELICK JAMIE S,,0001127602-22-025784,2022-11-14,G,2027,0.0,55500,I,,,,,,
1018724,2022-11-17,AMZN,STONESIFER PATRICIA Q,,0001127602-22-025964,2022-11-15,M,3440,0.0,46220,D,,,,,,
1018724,2022-11-17,AMZN,Selipsky Adam,,0001127602-22-025968,2022-11-15,M,29480,0.0,142275,D,,,,,,
1018724,2022-11-17,AMZN,Selipsky Adam,,0001127602-22-025968,2022-11-15,S,5262,100.5882,137013,D,,,,,,
1018724,2022-11-17,AMZN,Herrington Douglas J,,0000899243-22-036208,2022-11-15,S,15787,103.1,522251,D,,,,,,
1018724,2022-11-17,AMZN,Huttenlocher Daniel P,,0001127602-22-025958,2022-11-15,M,3440,0.0,24160,D,,,,,,
1018724,2022-11-17,AMZN,RUBINSTEIN JONATHAN,,0001127602-22-025961,2022-11-15,M,3440,0.0,124880,D,,,,,,
1018724,2022-11-17,AMZN,Alexander Keith Brian,,0001127602-22-025956,2022-11-15,M,1920,0.0,3840,D,,,,,,
1018724,2022-11-17,AMZN,COOPER EDITH W,,0001127602-22-025946,2022-11-15,M,1900,0.0,2380,D,,,,,,
1018724,2022-11-17,AMZN,Huttenlocher Daniel P,,0001127602-22-025958,2022-11-17,S,1360,95.5413,22800,D,,,,,,
1018724,2022-11-17,AMZN,Jassy Andrew R,,0001127602-22-025972,2022-11-15,M,60000,0.0,1952000,D,,,,,,
1018724,2022-11-17,AMZN,Jassy Andrew R,,0001127602-22-025972,2022-11-15,S,8953,100.5274,1943047,D,,,,,,
1018724,2022-11-23,AMZN,Olsavsky Brian T,,0001127602-22-026347,2022-11-21,S,15240,94.0,49000,D,,,,,,
1018724,2022-11-23,AMZN,Herrington Douglas J,,0000899243-22-036943,2022-11-21,S,7456,94.0,533435,D,,,,,,
1018724,2022-11-23,AMZN,Zapolsky David,,0001127602-22-026345,2022-11-21,S,8380,94.0,76980,D,,,,,,
1018724,2022-11-23,AMZN,Olsavsky Brian T,,0001127602-22-026347,2022-11-21,M,13780,0.0,61280,D,,,,,,
1018724,2022-11-23,AMZN,Reynolds Shelley,,0001127602-22-026343,2022-11-21,M,2340,0.0,122120,D,,,,,,
1018724,2022-11-23,AMZN,Reynolds Shelley,,0001127602-22-026343,2022-11-21,S,3500,94.0,119780,D,,,,,,
1018724,2022-11-23,AMZN,Zapolsky David,,0001127602-22-026345,2022-11-21,M,13780,0.0,82400,D,,,,,,
1018724,2022-12-01,AMZN,BEZOS JEFFREY P,,0001127602-22-026633,2022-11-29,G,1132039,0.0,993051535,D,,,,,,
1018724,2022-12-01,AMZN,BEZOS JEFFREY P,,0001127602-22-026633,2022-11-30,G,417847,0.0,992633688,D,,,,,,
1018724,2022-12-20,ATSG,AMAZON COM INC,,0000899243-22-039118,2022-12-16,S,260000,26.99,13918445,I,,,,,,
1018724,2023-02-06,AMZN,Selipsky Adam,,0001127602-23-003574,2023-02-02,S,500,109.544,128780,D,,,,,,
1018724,2023-02-06,AMZN,Selipsky Adam,,0001127602-23-003574,2023-02-03,S,60,103.0997,124120,D,,,,,,
1018724,2023-02-08,AMZN,Herrington Douglas J,,0001104659-23-014571,2023-02-06,S,4000,102.9,529435,D,,,,,,
1018724,2023-02-17,AMZN,Jassy Andrew R,,0001127602-23-005906,2023-02-15,M,60000,0.0,1988380,D,,,,,,
1018724,2023-02-17,AMZN,Jassy Andrew R,,0001127602-23-005906,2023-02-15,S,21790,99.0858,1966590,D,,,,,,
1018724,2023-02-17,AMZN,Selipsky Adam,,0001127602-23-005902,2023-02-15,M,29500,0.0,153180,D,,,,,,
1018724,2023-02-17,AMZN,Selipsky Adam,,0001127602-23-005902,2023-02-15,S,10704,99.0836,142476,D,,,,,,
1018724,2023-02-17,AMZN,Selipsky Adam,,0001127602-23-005902,2023-02-16,S,241,100.1591,140619,D,,,,,,
1018724,2023-02-17,AMZN,Herrington Douglas J,,0001104659-23-023350,2023-02-15,S,14173,99.0932,554728,D,,,,,,
1018724,2023-02-17,AMZN,GORELICK JAMIE S,,0001127602-23-005886,2023-02-15,M,1960,0.0,30600,D,,,,,,
1018724,2023-02-17,AMZN,WEEKS WENDELL P,,0001127602-23-005881,2023-02-15,M,1900,0.0,40600,D,,,,,,
1018724,2023-02-23,AMZN,Olsavsky Brian T,,0001127602-23-006840,2023-02-21,S,16760,95.25,49000,D,,,,,,
1018724,2023-02-23,AMZN,Zapolsky David,,0001127602-23-006852,2023-02-21,S,6504,94.8903,87236,D,,,,,,
1018724,2023-02-23,AMZN,Reynolds Shelley,,0001127602-23-006827,2023-02-21,M,2340,0.0,122120,D,,,,,,
1018724,2023-02-23,AMZN,Reynolds Shelley,,0001127602-23-006827,2023-02-21,S,3400,94.8943,119880,D,,,,,,
1018724,2023-02-23,AMZN,Olsavsky Brian T,,0001127602-23-006840,2023-02-21,M,13780,0.0,62780,D,,,,,,
1018724,2023-02-23,AMZN,Herrington Douglas J,,0001104659-23-024850,2023-02-21,S,7056,94.8645,564698,D,,,,,,
1018724,2023-02-23,AMZN,Zapolsky David,,0001127602-23-006852,2023-02-21,M,13780,0.0,90760,D,,,,,,
1018724,2023-02-24,AMZN,BEZOS JEFFREY P,,0001127602-23-007056,2023-02-22,G,260662,0.0,992373026,D,,,,,,
1018724,2023-02-24,AMZN,BEZOS JEFFREY P,,0001127602-23-007056,2023-02-23,G,16789,0.0,992356237,D,,,,,,
1018724,2023-03-03,AMZN,BEZOS JEFFREY P,,0001104659-23-028435,2023-03-01,G,167490,0.0,992188747,D,,,,,,
1018724,2023-03-03,AMZN,Herrington Douglas J,,0001104659-23-028445,2023-03-01,S,4000,93.8,560298,D,,,,,,
1018724,2023-03-03,AMZN,GORELICK JAMIE S,,0001104659-23-028442,2023-03-01,G,733,0.0,29867,D,,,,,,
1018724,2023-03-03,AMZN,BEZOS JEFFREY P,,0001104659-23-028435,2023-03-02,G,259746,0.0,991929001,D,,,,,,
1018724,2023-03-23,AMZN,Selipsky Adam,,0001127602-23-011192,2023-03-21,S,2299,100.3442,138320,D,,,,,,
1018724,2023-04-05,AMZN,Herrington Douglas J,,0001104659-23-042198,2023-04-03,S,4000,102.25,556298,D,,,,,,
1018724,2023-04-06,AMZN,Selipsky Adam,,0001127602-23-012687,2023-04-05,S,404,101.3669,137396,D,,,,,,
1018724,2023-04-06,AMZN,Selipsky Adam,,0001127602-23-012687,2023-04-04,S,391,102.8895,137929,D,,,,,,
1018724,2023-04-21,AMZN,Selipsky Adam,,0001104659-23-048516,2023-04-19,S,32,102.2384,137268,D,,,,,,
1018724,2023-04-21,AMZN,Selipsky Adam,,0001104659-23-048516,2023-04-20,S,289,103.8545,136491,D,,,,,,
1018724,2023-05-03,AMZN,Herrington Douglas J,,0001104659-23-055500,2023-05-01,S,4000,105.0,552298,D,,,,,,
1018724,2023-05-08,AMZN,Selipsky Adam,,0001104659-23-057243,2023-05-04,S,329,104.1055,135951,D,,,,,,
1018724,2023-05-08,AMZN,Selipsky Adam,,0001104659-23-057243,2023-05-05,S,123,104.3171,135637,D,,,,,,
1018724,2023-05-17,AMZN,Herrington Douglas J,,0001104659-23-061885,2023-05-15,S,1900,109.8426,560057,D,,,,,,
1018724,2023-05-17,AMZN,NOOYI INDRA K,,0001104659-23-061877,2023-05-15,M,2120,0.0,26100,D,,,,,,
1018724,2023-05-17,AMZN,Herrington Douglas J,,0001104659-23-061885,2023-05-15,M,9659,0.0,561957,D,,,,,,
1018724,2023-05-17,AMZN,Selipsky Adam,,0001104659-23-061894,2023-05-16,S,46,111.8243,150074,D,,,,,,
1018724,2023-05-17,AMZN,Selipsky Adam,,0001104659-23-061894,2023-05-15,S,4824,109.8409,156056,D,,,,,,
1018724,2023-05-17,AMZN,Selipsky Adam,,0001104659-23-061894,2023-05-15,M,25620,0.0,160880,D,,,,,,
1018724,2023-05-18,AMZN,BEZOS JEFFREY P,,0001104659-23-062272,2023-05-16,G,861715,0.0,991067286,D,,,,,,
1018724,2023-05-18,AMZN,BEZOS JEFFREY P,,0001104659-23-062272,2023-05-17,G,521626,0.0,990545660,D,,,,,,
1018724,2023-05-23,AMZN,Olsavsky Brian T,,0001104659-23-063749,2023-05-21,M,10600,0.0,59600,D,,,,,,
1018724,2023-05-23,AMZN,Herrington Douglas J,,0001104659-23-063751,2023-05-22,S,3152,114.9489,578621,D,,,,,,
1018724,2023-05-23,AMZN,Zapolsky David,,0001104659-23-063747,2023-05-21,M,10600,0.0,97636,D,,,,,,
1018724,2023-05-23,AMZN,Herrington Douglas J,,0001104659-23-063751,2023-05-21,M,11280,0.0,569373,D,,,,,,
1018724,2023-05-23,AMZN,Jassy Andrew R,,0001104659-23-063754,2023-05-21,M,25000,0.0,1989506,D,,,,,,
1018724,2023-05-23,AMZN,Zapolsky David,,0001104659-23-063747,2023-05-22,S,2420,114.9889,101416,D,,,,,,
1018724,2023-05-23,AMZN,Reynolds Shelley,,0001104659-23-063739,2023-05-21,M,1760,0.0,121540,D,,,,,,
1018724,2023-05-23,AMZN,Olsavsky Brian T,,0001104659-23-063749,2023-05-22,S,16800,116.69,49000,D,,,,,,
1018724,2023-05-23,AMZN,Selipsky Adam,,0001104659-23-063745,2023-05-22,S,2136,114.9265,155264,D,,,,,,
1018724,2023-05-23,AMZN,Jassy Andrew R,,0001104659-23-063754,2023-05-22,S,10258,114.8227,2009348,D,,,,,,
1018724,2023-05-23,AMZN,Reynolds Shelley,,0001104659-23-063739,2023-05-22,S,931,114.9386,121949,D,,,,,,
1018724,2023-05-23,AMZN,Selipsky Adam,,0001104659-23-063745,2023-05-21,M,7780,0.0,157400,D,,,,,,
1018724,2023-05-23,AMZN,Selipsky Adam,,0001104659-23-063745,2023-05-23,S,71,114.6385,153709,D,,,,,,
1018724,2023-05-26,AMZN,BEZOS JEFFREY P,,0001104659-23-065485,2023-05-25,P,1,114.77,990545661,D,,,,,,
1018724,2023-05-26,AMZN,BEZOS JEFFREY P,,0001104659-23-065485,2023-05-25,G,69290,0.0,990476371,D,,,,,,
1018724,2023-06-05,AMZN,Herrington Douglas J,,0001104659-23-068073,2023-06-01,S,4000,120.61,568301,D,,,,,,
1018724,2023-06-08,AMZN,Selipsky Adam,,0001104659-23-069420,2023-06-06,S,177,125.7769,153103,D,,,,,,
1018724,2023-06-08,AMZN,Selipsky Adam,,0001104659-23-069420,2023-06-07,S,73,121.1625,152707,D,,,,,,
1018724,2023-06-23,AMZN,Selipsky Adam,,0001104659-23-074304,2023-06-21,S,363,124.764,151917,D,,,,,,
1018724,2023-06-23,AMZN,Selipsky Adam,,0001104659-23-074304,2023-06-22,S,30,125.6477,151750,D,,,,,,
1018724,2023-07-06,AMZN,Herrington Douglas J,,0001104659-23-078766,2023-07-03,S,4000,130.93,564301,D,,,,,,
1018724,2023-07-10,AMZN,Selipsky Adam,,0001104659-23-079677,2023-07-06,S,311,127.9505,150969,D,,,,,,
1018724,2023-07-10,AMZN,Selipsky Adam,,0001104659-23-079677,2023-07-07,S,246,129.0907,150534,D,,,,,,
1018724,2023-07-26,AMZN,Selipsky Adam,,0001104659-23-084346,2023-07-25,S,500,129.0576,149280,D,,,,,,
1018724,2023-07-26,AMZN,Selipsky Adam,,0001104659-23-084346,2023-07-24,S,407,129.1564,149873,D,,,,,,
1018724,2023-08-03,AMZN,Herrington Douglas J,,0001104659-23-087318,2023-08-01,S,4000,133.55,560301,D,,,,,,
1018724,2023-08-08,AMZN,Herrington Douglas J,,0001104659-23-088925,2023-08-04,S,50000,141.0,510301,D,,,,,,
1018724,2023-08-11,ATSG,AMAZON COM INC,,0001104659-23-090467,2023-08-09,S,1177000,19.5,12741445,I,,,,,,
1018724,2023-08-17,AMZN,Selipsky Adam,,0001104659-23-093156,2023-08-15,M,25640,0.0,174920,D,,,,,,
1018724,2023-08-17,AMZN,Selipsky Adam,,0001104659-23-093156,2023-08-15,S,5919,138.1558,169001,D,,,,,,
1018724,2023-08-17,AMZN,Selipsky Adam,,0001104659-23-093156,2023-08-16,S,500,137.0,104364,D,,,,,,
1018724,2023-08-17,AMZN,Herrington Douglas J,,0001127602-23-022854,2023-08-15,M,9659,0.0,519960,D,,,,,,
1018724,2023-08-17,AMZN,Herrington Douglas J,,0001127602-23-022854,2023-08-15,S,3864,140.02,516096,D,,,,,,
1018724,2023-08-17,AMZN,McGrath Judith A,,0001127602-23-022851,2023-08-15,M,1920,0.0,44880,D,,,,,,
1018724,2023-08-23,AMZN,Selipsky Adam,,0001104659-23-094555,2023-08-21,S,2351,133.5362,109773,D,,,,,,
1018724,2023-08-23,AMZN,Herrington Douglas J,,0001104659-23-094567,2023-08-21,S,5080,133.3966,534716,D,,,,,,
1018724,2023-08-23,AMZN,Selipsky Adam,,0001104659-23-094555,2023-08-22,S,500,135.0,108020,D,,,,,,
1018724,2023-08-23,AMZN,Olsavsky Brian T,,0001104659-23-094564,2023-08-21,M,10620,0.0,59620,D,,,,,,
1018724,2023-08-23,AMZN,Herrington Douglas J,,0001104659-23-094567,2023-08-21,M,11300,0.0,527396,D,,,,,,
1018724,2023-08-23,AMZN,Selipsky Adam,,0001104659-23-094555,2023-08-21,M,7760,0.0,112124,D,,,,,,
1018724,2023-08-23,AMZN,Olsavsky Brian T,,0001104659-23-094564,2023-08-21,S,16800,133.61,49000,D,,,,,,
1018724,2023-08-23,AMZN,Zapolsky David,,0001104659-23-094559,2023-08-21,S,3861,133.4417,110055,D,,,,,,
1018724,2023-08-23,AMZN,Zapolsky David,,0001104659-23-094559,2023-08-21,M,10620,0.0,107736,D,,,,,,
1018724,2023-08-23,AMZN,Reynolds Shelley,,0001104659-23-094552,2023-08-21,S,1750,133.4503,121130,D,,,,,,
1018724,2023-08-23,AMZN,Jassy Andrew R,,0001104659-23-094570,2023-08-21,S,11793,133.4724,2041008,D,,,,,,
1018724,2023-08-23,AMZN,Reynolds Shelley,,0001104659-23-094552,2023-08-21,M,1760,0.0,121540,D,,,,,,
1018724,2023-08-23,AMZN,Jassy Andrew R,,0001104659-23-094570,2023-08-21,M,25000,0.0,2022681,D,,,,,,
1018724,2023-09-06,AMZN,Herrington Douglas J,,0001104659-23-098686,2023-09-01,S,4000,139.48,526316,D,,,,,,
1018724,2023-09-07,AMZN,Selipsky Adam,,0001104659-23-098964,2023-09-05,S,500,137.66,107520,D,,,,,,
1018724,2023-09-07,AMZN,Selipsky Adam,,0001104659-23-098964,2023-09-06,S,500,136.12,107020,D,,,,,,
1018724,2023-09-18,AMZN,Zapolsky David,,0001104659-23-101653,2023-09-14,S,42816,145.13,64380,D,,,,,,
1018724,2023-09-22,AMZN,Selipsky Adam,,0001104659-23-103217,2023-09-20,S,500,138.48,106520,D,,,,,,
1018724,2023-09-22,AMZN,Selipsky Adam,,0001104659-23-103217,2023-09-21,S,500,131.8,106020,D,,,,,,
1018724,2023-10-04,AMZN,Herrington Douglas J,,0001104659-23-106846,2023-10-02,S,4000,127.2,522316,D,,,,,,
1018724,2023-10-10,AMZN,Selipsky Adam,,0001104659-23-108355,2023-10-05,S,500,126.64,105520,D,,,,,,
1018724,2023-10-10,AMZN,Selipsky Adam,,0001104659-23-108355,2023-10-06,S,500,124.13,105020,D,,,,,,
1018724,2023-10-23,AMZN,Selipsky Adam,,0001104659-23-110807,2023-10-19,S,500,130.53,104520,D,,,,,,
1018724,2023-10-23,AMZN,Selipsky Adam,,0001104659-23-110807,2023-10-20,S,500,128.01,104020,D,,,,,,
1018724,2023-11-01,AMZN,BEZOS JEFFREY P,,0001104659-23-113426,2023-10-30,G,122223,0.0,990354148,D,,,,,,
1018724,2023-11-01,AMZN,BEZOS JEFFREY P,,0001104659-23-113426,2023-10-31,G,428415,0.0,989925733,D,,,,,,
1018724,2023-11-03,AMZN,Herrington Douglas J,,0001104659-23-114357,2023-11-01,S,4000,133.98,518316,D,,,,,,
1018724,2023-11-06,AMZN,Selipsky Adam,,0001104659-23-114815,2023-11-02,S,500,138.8,103520,D,,,,,,
1018724,2023-11-06,AMZN,Selipsky Adam,,0001104659-23-114815,2023-11-03,S,500,139.0,103020,D,,,,,,
1018724,2023-11-15,AMZN,Zapolsky David,,0001104659-23-118776,2023-11-13,G,2800,0.0,61580,D,,,,,,
1018724,2023-11-17,AMZN,BEZOS JEFFREY P,,0001104659-23-119577,2023-11-15,G,597532,0.0,989328201,D,,,,,,
1018724,2023-11-17,AMZN,Selipsky Adam,,0001104659-23-119584,2023-11-15,M,25640,0.0,128660,D,,,,,,
1018724,2023-11-17,AMZN,Alexander Keith Brian,,0001104659-23-119548,2023-11-15,M,1920,0.0,5760,D,,,,,,
1018724,2023-11-17,AMZN,STONESIFER PATRICIA Q,,0001104659-23-119561,2023-11-15,M,2473,0.0,48693,D,,,,,,
1018724,2023-11-17,AMZN,Selipsky Adam,,0001104659-23-119584,2023-11-16,S,500,140.96,117404,D,,,,,,
1018724,2023-11-17,AMZN,Huttenlocher Daniel P,,0001104659-23-119567,2023-11-15,M,2473,0.0,24913,D,,,,,,
1018724,2023-11-17,AMZN,RUBINSTEIN JONATHAN,,0001104659-23-119554,2023-11-15,M,2473,0.0,127353,D,,,,,,
1018724,2023-11-17,AMZN,BEZOS JEFFREY P,,0001104659-23-119577,2023-11-16,G,1076384,0.0,988251817,D,,,,,,
1018724,2023-11-17,AMZN,Herrington Douglas J,,0001104659-23-119580,2023-11-15,M,9659,0.0,527975,D,,,,,,
1018724,2023-11-17,AMZN,Herrington Douglas J,,0001104659-23-119580,2023-11-15,S,3864,147.06,524111,D,,,,,,
1018724,2023-11-17,AMZN,Selipsky Adam,,0001104659-23-119584,2023-11-15,S,3947,143.6103,124713,D,,,,,,
1018724,2023-11-17,AMZN,COOPER EDITH W,,0001104659-23-119543,2023-11-15,M,1900,0.0,4280,D,,,,,,
1018724,2023-11-17,AMZN,Huttenlocher Daniel P,,0001104659-23-119567,2023-11-17,S,1237,142.83,23676,D,,,,,,
1018724,2023-11-24,AMZN,Jassy Andrew R,,0001018724-23-000036,2023-11-21,S,9548,142.1042,2076440,D,,,,,,
1018724,2023-11-24,AMZN,Herrington Douglas J,,0001018724-23-000034,2023-11-21,M,11300,0.0,535411,D,,,,,,
1018724,2023-11-24,AMZN,Zapolsky David,,0001018724-23-000032,2023-11-22,S,18440,145.0,53220,D,,,,,,
1018724,2023-11-24,AMZN,Selipsky Adam,,0001018724-23-000028,2023-11-21,M,7760,0.0,125164,D,,,,,,
1018724,2023-11-24,AMZN,Zapolsky David,,0001018724-23-000032,2023-11-21,M,10620,0.0,72200,D,,,,,,
1018724,2023-11-24,AMZN,Zapolsky David,,0001018724-23-000032,2023-11-21,S,5920,143.0767,72460,D,,,,,,
1018724,2023-11-24,AMZN,Jassy Andrew R,,0001018724-23-000036,2023-11-21,M,25000,0.0,2055868,D,,,,,,
1018724,2023-11-24,AMZN,Selipsky Adam,,0001018724-23-000028,2023-11-22,S,500,144.68,121060,D,,,,,,
1018724,2023-11-24,AMZN,Reynolds Shelley,,0001018724-23-000026,2023-11-21,S,2849,143.1323,120051,D,,,,,,
1018724,2023-11-24,AMZN,Olsavsky Brian T,,0001018724-23-000030,2023-11-21,M,10620,0.0,59620,D,,,,,,
1018724,2023-11-24,AMZN,Reynolds Shelley,,0001018724-23-000026,2023-11-21,M,1780,0.0,121560,D,,,,,,
1018724,2023-11-24,AMZN,Herrington Douglas J,,0001018724-23-000034,2023-11-21,S,8480,143.0751,539331,D,,,,,,
1018724,2023-11-24,AMZN,Olsavsky Brian T,,0001018724-23-000030,2023-11-21,S,16800,143.76,49000,D,,,,,,
1018724,2023-11-24,AMZN,Selipsky Adam,,0001018724-23-000028,2023-11-21,S,1777,142.2615,123387,D,,,,,,
1018724,2023-11-27,AMZN,GORELICK JAMIE S,,0001018724-23-000038,2023-11-22,G,6843,0.0,37073,D,,,,,,
1018724,2023-12-05,AMZN,Herrington Douglas J,,0001018724-23-000040,2023-12-01,S,4000,146.0,534331,D,,,,,,
1018724,2023-12-08,AMZN,Selipsky Adam,,0001018724-23-000042,2023-12-07,S,500,146.09,120060,D,,,,,,
1018724,2023-12-08,AMZN,Selipsky Adam,,0001018724-23-000042,2023-12-06,S,500,147.76,120560,D,,,,,,
1018724,2023-12-26,AMZN,Selipsky Adam,,0001018724-23-000044,2023-12-22,S,500,153.83,119060,D,,,,,,
1018724,2023-12-26,AMZN,Selipsky Adam,,0001018724-23-000044,2023-12-21,S,500,153.2,119560,D,,,,,,
1018724,2024-01-08,AMZN,Selipsky Adam,,0001018724-24-000002,2024-01-04,S,500,145.63,118560,D,,,,,,
1018724,2024-01-08,AMZN,Selipsky Adam,,0001018724-24-000002,2024-01-05,S,500,144.61,118060,D,,,,,,
1018724,2024-01-22,AMZN,Selipsky Adam,,0001018724-24-000004,2024-01-18,S,500,152.78,117560,D,,,,,,
1018724,2024-01-22,AMZN,Selipsky Adam,,0001018724-24-000004,2024-01-19,S,500,153.86,117060,D,,,,,,
1018724,2024-02-05,AMZN,Selipsky Adam,,0001018724-24-000010,2024-02-01,S,500,155.72,116560,D,,,,,,
1018724,2024-02-05,AMZN,Selipsky Adam,,0001018724-24-000010,2024-02-02,S,500,169.0,116060,D,,,,,,
1018724,2024-02-09,AMZN,Herrington Douglas J,,0001018724-24-000014,2024-02-07,S,14311,169.7726,520020,D,,,,,,
1018724,2024-02-09,AMZN,BEZOS JEFFREY P,,0001018724-24-000012,2024-02-07,S,3204264,169.8584,985047553,D,,,,,,
1018724,2024-02-09,AMZN,BEZOS JEFFREY P,,0001018724-24-000012,2024-02-08,S,1871957,169.7079,980381011,D,,,,,,
1018724,2024-02-13,AMZN,BEZOS JEFFREY P,,0001018724-24-000016,2024-02-12,S,1852953,172.272,968402317,D,,,,,,
1018724,2024-02-13,AMZN,BEZOS JEFFREY P,,0001018724-24-000016,2024-02-09,S,1408408,170.9947,974845711,D,,,,,,
1018724,2024-02-13,AMZN,RUBINSTEIN JONATHAN,,0001018724-24-000018,2024-02-09,S,12133,171.0,115220,D,,,,,,
1018724,2024-02-14,AMZN,Herrington Douglas J,,0001018724-24-000020,2024-02-12,S,14300,175.0,499831,D,,,,,,
1018724,2024-02-15,AMZN,BEZOS JEFFREY P,,0001018724-24-000022,2024-02-13,S,81434,166.4967,964174987,D,,,,,,
1018724,2024-02-15,AMZN,BEZOS JEFFREY P,,0001018724-24-000022,2024-02-14,S,1196686,169.0225,957060886,D,,,,,,
1018724,2024-02-20,AMZN,Herrington Douglas J,,0001018724-24-000032,2024-02-15,M,9659,0.0,509490,D,,,,,,
1018724,2024-02-20,AMZN,Selipsky Adam,,0001018724-24-000030,2024-02-15,M,25640,0.0,141700,D,,,,,,
1018724,2024-02-20,AMZN,Jassy Andrew R,,0001018724-24-000034,2024-02-16,G,2945,0.0,2011110,D,,,,,,
1018724,2024-02-20,AMZN,Selipsky Adam,,0001018724-24-000030,2024-02-15,S,3252,168.2748,138448,D,,,,,,
1018724,2024-02-20,AMZN,Herrington Douglas J,,0001018724-24-000032,2024-02-15,S,3864,170.55,505626,D,,,,,,
1018724,2024-02-20,AMZN,Jassy Andrew R,,0001018724-24-000034,2024-02-16,S,50000,168.65,2014055,D,,,,,,
1018724,2024-02-20,AMZN,BEZOS JEFFREY P,,0001018724-24-000024,2024-02-15,S,903827,168.2556,951354896,D,,,,,,
1018724,2024-02-20,AMZN,WEEKS WENDELL P,,0001018724-24-000026,2024-02-15,M,1900,0.0,42500,D,,,,,,
1018724,2024-02-20,AMZN,BEZOS JEFFREY P,,0001018724-24-000024,2024-02-20,S,972240,166.4143,939288785,D,,,,,,
1018724,2024-02-20,AMZN,BEZOS JEFFREY P,,0001018724-24-000024,2024-02-16,S,1095395,167.8158,945164479,D,,,,,,
1018724,2024-02-20,AMZN,Selipsky Adam,,0001018724-24-000030,2024-02-16,S,500,168.65,130444,D,,,,,,
1018724,2024-02-20,AMZN,GORELICK JAMIE S,,0001018724-24-000028,2024-02-15,M,1960,0.0,39033,D,,,,,,
1018724,2024-02-23,AMZN,Reynolds Shelley,,0001018724-24-000036,2024-02-21,S,3100,168.97,119780,D,,,,,,
1018724,2024-02-23,AMZN,Selipsky Adam,,0001018724-24-000038,2024-02-21,M,7760,0.0,138204,D,,,,,,
1018724,2024-02-23,AMZN,Selipsky Adam,,0001018724-24-000038,2024-02-22,S,500,173.0,134100,D,,,,,,
1018724,2024-02-23,AMZN,Selipsky Adam,,0001018724-24-000038,2024-02-21,S,1604,168.1552,136600,D,,,,,,
1018724,2024-02-23,AMZN,Olsavsky Brian T,,0001018724-24-000042,2024-02-21,M,10620,0.0,59620,D,,,,,,
1018724,2024-02-23,AMZN,Jassy Andrew R,,0001018724-24-000046,2024-02-21,M,25000,0.0,2036110,D,,,,,,
1018724,2024-02-23,AMZN,Reynolds Shelley,,0001018724-24-000036,2024-02-21,M,1780,0.0,121560,D,,,,,,
1018724,2024-02-23,AMZN,Zapolsky David,,0001018724-24-000040,2024-02-21,S,8400,168.97,61620,D,,,,,,
1018724,2024-02-23,AMZN,Herrington Douglas J,,0001018724-24-000044,2024-02-21,S,9488,168.97,519858,D,,,,,,
1018724,2024-02-23,AMZN,Zapolsky David,,0001018724-24-000040,2024-02-21,M,10620,0.0,63840,D,,,,,,
1018724,2024-02-23,AMZN,Olsavsky Brian T,,0001018724-24-000042,2024-02-21,S,16800,168.97,49000,D,,,,,,
1018724,2024-02-23,AMZN,Herrington Douglas J,,0001018724-24-000044,2024-02-21,M,11300,0.0,516926,D,,,,,,
1018724,2024-02-23,AMZN,Jassy Andrew R,,0001018724-24-000046,2024-02-21,S,11395,168.1637,2054835,D,,,,,,
1018724,2024-03-04,AMZN,McGrath Judith A,,0001018724-24-000048,2024-02-29,S,2880,173.0,42000,D,,,,,,
1018724,2024-03-04,AMZN,McGrath Judith A,,0001018724-24-000048,2024-03-01,S,2880,176.67,39120,D,,,,,,
1018724,2024-03-05,AMZN,Herrington Douglas J,,0001018724-24-000052,2024-03-01,S,3500,176.67,516358,D,,,,,,
1018724,2024-03-05,AMZN,BEZOS JEFFREY P,,0001018724-24-000050,2024-03-01,G,250291,0.0,938001526,D,,,,,,
1018724,2024-03-05,AMZN,BEZOS JEFFREY P,,0001018724-24-000050,2024-03-04,G,227561,0.0,937773965,D,,,,,,
1018724,2024-03-06,AMZN,RUBINSTEIN JONATHAN,,0001018724-24-000056,2024-03-04,S,5556,180.0,109664,D,,,,,,
1018724,2024-03-06,AMZN,Jassy Andrew R,,0001018724-24-000054,2024-03-04,S,50000,180.0,1994182,D,,,,,,
1018724,2024-03-11,AMZN,Selipsky Adam,,0001018724-24-000058,2024-03-08,S,500,176.31,133100,D,,,,,,
1018724,2024-03-11,AMZN,Selipsky Adam,,0001018724-24-000058,2024-03-07,S,500,174.81,133600,D,,,,,,
1018724,2024-03-25,AMZN,Selipsky Adam,,0001018724-24-000060,2024-03-22,S,500,177.58,132100,D,,,,,,
1018724,2024-03-25,AMZN,Selipsky Adam,,0001018724-24-000060,2024-03-21,S,500,180.0,132600,D,,,,,,
1018724,2024-04-03,AMZN,Herrington Douglas J,,0001018724-24-000070,2024-04-01,S,3500,180.73,512858,D,,,,,,
1018724,2024-04-08,AMZN,Selipsky Adam,,0001018724-24-000073,2024-04-05,S,500,182.53,131100,D,,,,,,
1018724,2024-04-08,AMZN,Selipsky Adam,,0001018724-24-000073,2024-04-04,S,500,184.0,131600,D,,,,,,
1018724,2024-04-22,AMZN,Selipsky Adam,,0001018724-24-000079,2024-04-18,S,500,181.38,130600,D,,,,,,
1018724,2024-04-22,AMZN,Selipsky Adam,,0001018724-24-000079,2024-04-19,S,500,179.0,130100,D,,,,,,
1018724,2024-05-03,AMZN,Herrington Douglas J,,0001018724-24-000085,2024-05-01,S,800,177.7863,512058,D,,,,,,
1018724,2024-05-08,AMZN,Alexander Keith Brian,,0001018724-24-000087,2024-05-06,S,1000,186.22,4760,D,,,,,,
1018724,2024-05-13,AMZN,RUBINSTEIN JONATHAN,,0001018724-24-000089,2024-05-09,S,5264,190.0,104400,D,,,,,,
1018724,2024-05-17,AMZN,Herrington Douglas J,,0001018724-24-000093,2024-05-15,S,1802,183.4821,521309,D,,,,,,
1018724,2024-05-17,AMZN,Herrington Douglas J,,0001018724-24-000093,2024-05-15,M,13753,0.0,523111,D,,,,,,
1018724,2024-05-17,AMZN,NOOYI INDRA K,,0001018724-24-000091,2024-05-15,M,2120,0.0,28220,D,,,,,,
1018724,2024-05-17,AMZN,Selipsky Adam,,0001018724-24-000095,2024-05-16,S,500,185.68,141124,D,,,,,,
1018724,2024-05-17,AMZN,Selipsky Adam,,0001018724-24-000095,2024-05-15,S,1748,183.5005,148392,D,,,,,,
1018724,2024-05-17,AMZN,Selipsky Adam,,0001018724-24-000095,2024-05-15,M,20040,0.0,150140,D,,,,,,
1018724,2024-05-23,AMZN,Reynolds Shelley,,0001018724-24-000097,2024-05-21,M,2340,0.0,122120,D,,,,,,
1018724,2024-05-23,AMZN,Zapolsky David,,0001018724-24-000101,2024-05-21,S,7590,181.2304,66110,D,,,,,,
1018724,2024-05-23,AMZN,Reynolds Shelley,,0001018724-24-000097,2024-05-21,S,2400,181.2883,120080,D,,,,,,
1018724,2024-05-23,AMZN,Selipsky Adam,,0001018724-24-000099,2024-05-22,S,500,183.85,145524,D,,,,,,
1018724,2024-05-23,AMZN,Selipsky Adam,,0001018724-24-000099,2024-05-21,S,2956,181.338,147168,D,,,,,,
1018724,2024-05-23,AMZN,Olsavsky Brian T,,0001018724-24-000103,2024-05-21,M,11360,0.0,60360,D,,,,,,
1018724,2024-05-23,AMZN,Olsavsky Brian T,,0001018724-24-000103,2024-05-21,S,14600,182.11,49000,D,,,,,,
1018724,2024-05-23,AMZN,Selipsky Adam,,0001018724-24-000099,2024-05-21,M,9000,0.0,150124,D,,,,,,
1018724,2024-05-23,AMZN,Herrington Douglas J,,0001018724-24-000105,2024-05-21,S,4996,181.2477,527853,D,,,,,,
1018724,2024-05-23,AMZN,Zapolsky David,,0001018724-24-000101,2024-05-21,M,11360,0.0,70460,D,,,,,,
1018724,2024-05-23,AMZN,Jassy Andrew R,,0001018724-24-000107,2024-05-21,S,18177,181.335,2027965,D,,,,,,
1018724,2024-05-23,AMZN,Herrington Douglas J,,0001018724-24-000105,2024-05-21,M,12640,0.0,530249,D,,,,,,
1018724,2024-05-23,AMZN,Jassy Andrew R,,0001018724-24-000107,2024-05-21,M,31960,0.0,2026142,D,,,,,,
1018724,2024-05-31,AMZN,BEZOS JEFFREY P,,0001018724-24-000109,2024-05-29,G,431426,0.0,937342539,D,,,,,,
1018724,2024-05-31,AMZN,BEZOS JEFFREY P,,0001018724-24-000109,2024-05-30,G,667260,0.0,936675279,D,,,,,,
1018724,2024-06-05,AMZN,Herrington Douglas J,,0001018724-24-000114,2024-06-03,S,2000,176.9625,524753,D,,,,,,
1018724,2024-07-01,AMZN,Zapolsky David,,0001018724-24-000116,2024-06-27,S,4710,195.0,59500,D,,,,,,
1018724,2024-07-03,AMZN,Herrington Douglas J,,0001018724-24-000118,2024-07-02,S,12500,200.0,507253,D,,,,,,
1018724,2024-07-03,AMZN,Herrington Douglas J,,0001018724-24-000118,2024-07-01,S,800,194.0063,522453,D,,,,,,
1018724,2024-07-05,AMZN,BEZOS JEFFREY P,,0001018724-24-000120,2024-07-03,S,201449,200.0012,935010393,D,,,,,,
1018724,2024-07-05,AMZN,BEZOS JEFFREY P,,0001018724-24-000120,2024-07-02,S,1463437,200.0822,935211842,D,,,,,,
1018724,2024-07-09,AMZN,BEZOS JEFFREY P,,0001018724-24-000122,2024-07-05,S,3085116,200.0727,931925277,D,,,,,,
1018724,2024-07-09,AMZN,BEZOS JEFFREY P,,0001018724-24-000122,2024-07-08,S,1171794,200.3253,930753483,D,,,,,,
1018724,2024-07-11,AMZN,BEZOS JEFFREY P,,0001018724-24-000124,2024-07-09,S,1996015,200.1198,928700269,D,,,,,,
1018724,2024-07-11,AMZN,BEZOS JEFFREY P,,0001018724-24-000124,2024-07-10,S,266396,200.0069,928433873,D,,,,,,
1018724,2024-07-15,AMZN,BEZOS JEFFREY P,,0001018724-24-000126,2024-07-11,S,403974,200.0282,928029899,D,,,,,,
1018724,2024-08-05,AMZN,Herrington Douglas J,,0001018724-24-000132,2024-08-01,S,3500,189.25,503753,D,,,,,,
1018724,2024-08-19,AMZN,Herrington Douglas J,,0001018724-24-000134,2024-08-15,M,13753,0.0,517506,D,,,,,,
1018724,2024-08-19,AMZN,Herrington Douglas J,,0001018724-24-000134,2024-08-15,S,1900,174.7332,515606,D,,,,,,
1018724,2024-08-23,AMZN,Garman Matthew S,,0001018724-24-000142,2024-08-21,S,3025,179.5751,12235,D,,,,,,
1018724,2024-08-23,AMZN,Jassy Andrew R,,0001018724-24-000146,2024-08-21,S,4148,179.5742,2073170,D,,,,,,
1018724,2024-08-23,AMZN,Reynolds Shelley,,0001018724-24-000136,2024-08-21,M,2340,0.0,122120,D,,,,,,
1018724,2024-08-23,AMZN,Herrington Douglas J,,0001018724-24-000144,2024-08-21,S,2128,180.5731,525136,D,,,,,,
1018724,2024-08-23,AMZN,Herrington Douglas J,,0001018724-24-000144,2024-08-21,M,12660,0.0,524664,D,,,,,,
1018724,2024-08-23,AMZN,Zapolsky David,,0001018724-24-000138,2024-08-21,M,11360,0.0,70860,D,,,,,,
1018724,2024-08-23,AMZN,Olsavsky Brian T,,0001018724-24-000140,2024-08-21,M,11360,0.0,60360,D,,,,,,
1018724,2024-08-23,AMZN,Reynolds Shelley,,0001018724-24-000136,2024-08-21,S,1100,180.294,124152,D,,,,,,
1018724,2024-08-23,AMZN,Olsavsky Brian T,,0001018724-24-000140,2024-08-21,S,14600,180.0,49000,D,,,,,,
1018724,2024-08-23,AMZN,Zapolsky David,,0001018724-24-000138,2024-08-21,S,4782,180.264,69318,D,,,,,,
1018724,2024-08-23,AMZN,Jassy Andrew R,,0001018724-24-000146,2024-08-21,M,20000,0.0,2045358,D,,,,,,
1018724,2024-08-30,AMZN,BEZOS JEFFREY P,,0001018724-24-000148,2024-08-28,G,293646,0.0,927736253,D,,,,,,
1018724,2024-08-30,AMZN,BEZOS JEFFREY P,,0001018724-24-000148,2024-08-29,G,261739,0.0,927474514,D,,,,,,
1018724,2024-09-05,AMZN,Herrington Douglas J,,0001018724-24-000150,2024-09-03,S,3500,177.87,517660,D,,,,,,
1018724,2024-09-26,AMZN,Zapolsky David,,0001018724-24-000154,2024-09-24,S,2190,195.0,62420,D,,,,,,
1018724,2024-10-03,AMZN,Herrington Douglas J,,0001018724-24-000156,2024-10-01,S,3500,184.8,514160,D,,,,,,
1018724,2024-11-05,AMZN,Herrington Douglas J,,0001018724-24-000165,2024-11-01,S,3500,198.96,510660,D,,,,,,
1018724,2024-11-05,AMZN,RUBINSTEIN JONATHAN,,0001018724-24-000167,2024-11-01,S,5004,199.85,99396,D,,,,,,
1018724,2024-11-05,AMZN,BEZOS JEFFREY P,,0001018724-24-000163,2024-11-01,S,1068452,200.0657,926406062,D,,,,,,
1018724,2024-11-06,AMZN,Alexander Keith Brian,,0001018724-24-000169,2024-11-04,S,900,196.37,3860,D,,,,,,
1018724,2024-11-08,AMZN,BEZOS JEFFREY P,,0001018724-24-000171,2024-11-06,S,1759942,200.3935,924646120,D,,,,,,
1018724,2024-11-08,AMZN,BEZOS JEFFREY P,,0001018724-24-000171,2024-11-07,S,214327,207.6637,923195373,D,,,,,,
1018724,2024-11-12,AMZN,RUBINSTEIN JONATHAN,,0001018724-24-000175,2024-11-07,S,4766,209.85,94630,D,,,,,,
1018724,2024-11-12,AMZN,BEZOS JEFFREY P,,0001018724-24-000173,2024-11-08,S,779417,208.1768,919633921,D,,,,,,
1018724,2024-11-12,AMZN,BEZOS JEFFREY P,,0001018724-24-000173,2024-11-11,S,1613353,206.2804,915803623,D,,,,,,
1018724,2024-11-14,AMZN,BEZOS JEFFREY P,,0001018724-24-000177,2024-11-12,S,1028919,206.4982,913391695,D,,,,,,
1018724,2024-11-14,AMZN,BEZOS JEFFREY P,,0001018724-24-000177,2024-11-13,S,68195,210.0126,911356057,D,,,,,,
1018724,2024-11-19,AMZN,SMITH BRAD D,,0001018724-24-000195,2024-11-15,M,2605,0.0,15005,I,,,,,,
1018724,2024-11-19,AMZN,Herrington Douglas J,,0001018724-24-000191,2024-11-15,M,13753,0.0,524413,D,,,,,,
1018724,2024-11-19,AMZN,Herrington Douglas J,,0001018724-24-000191,2024-11-15,S,2302,204.9946,522111,D,,,,,,
1018724,2024-11-19,AMZN,STONESIFER PATRICIA Q,,0001018724-24-000187,2024-11-15,M,2473,0.0,51166,D,,,,,,
1018724,2024-11-19,AMZN,Zapolsky David,,0001018724-24-000189,2024-11-15,G,4950,0.0,57470,D,,,,,,
1018724,2024-11-19,AMZN,COOPER EDITH W,,0001018724-24-000179,2024-11-15,M,1900,0.0,6180,D,,,,,,
1018724,2024-11-19,AMZN,RUBINSTEIN JONATHAN,,0001018724-24-000185,2024-11-15,M,2473,0.0,97103,D,,,,,,
1018724,2024-11-19,AMZN,Huttenlocher Daniel P,,0001018724-24-000183,2024-11-19,S,1237,199.06,24912,D,,,,,,
1018724,2024-11-19,AMZN,Alexander Keith Brian,,0001018724-24-000181,2024-11-15,M,2605,0.0,6465,D,,,,,,
1018724,2024-11-19,AMZN,Huttenlocher Daniel P,,0001018724-24-000183,2024-11-15,M,2473,0.0,26149,D,,,,,,
1018724,2024-11-21,AMZN,BEZOS JEFFREY P,,0001043298-24-000002,2024-11-19,G,1339193,0.0,909780701,D,,,,,,
1018724,2024-11-21,AMZN,BEZOS JEFFREY P,,0001043298-24-000002,2024-11-20,G,70806,0.0,909709895,D,,,,,,
1018724,2024-11-25,AMZN,Reynolds Shelley,,0001397333-24-000002,2024-11-21,M,2360,0.0,123821,D,,,,,,
1018724,2024-11-25,AMZN,Jassy Andrew R,,0001374545-24-000002,2024-11-21,M,20000,0.0,2076534,D,,,,,,
1018724,2024-11-25,AMZN,Garman Matthew S,,0002024813-24-000002,2024-11-21,S,184,196.3064,15076,D,,,,,,
1018724,2024-11-25,AMZN,Reynolds Shelley,,0001397333-24-000002,2024-11-21,S,664,198.7358,126269,D,,,,,,
1018724,2024-11-25,AMZN,Olsavsky Brian T,,0001639902-24-000002,2024-11-21,M,11360,0.0,60360,D,,,,,,
1018724,2024-11-25,AMZN,Zapolsky David,,0001557979-24-000002,2024-11-21,S,121,196.4583,71949,D,,,,,,
1018724,2024-11-25,AMZN,Zapolsky David,,0001557979-24-000002,2024-11-21,M,11360,0.0,68830,D,,,,,,
1018724,2024-11-25,AMZN,Herrington Douglas J,,0001936006-24-000002,2024-11-21,M,12660,0.0,531571,D,,,,,,
1018724,2024-11-25,AMZN,Jassy Andrew R,,0001374545-24-000002,2024-11-21,S,622,196.455,2107872,D,,,,,,
1018724,2024-11-25,AMZN,Olsavsky Brian T,,0001639902-24-000002,2024-11-21,S,14600,202.88,49000,D,,,,,,
1018724,2024-11-25,AMZN,Herrington Douglas J,,0001936006-24-000002,2024-11-21,S,1511,198.687,532660,D,,,,,,
1018724,2024-12-04,AMZN,Herrington Douglas J,,0001936006-24-000004,2024-12-02,S,3500,210.0,524567,D,,,,,,
1018724,2024-12-06,AMZN,RUBINSTEIN JONATHAN,,0001018724-24-000200,2024-12-04,S,4549,219.85,92554,D,,,,,,
1018724,2024-12-11,AMZN,RUBINSTEIN JONATHAN,,0001018724-24-000202,2024-12-09,S,4351,229.85,88203,D,,,,,,
1018724,2025-02-14,AMZN,Herrington Douglas J,,0001018724-25-000006,2025-02-12,S,599,228.7398,523968,D,,,,,,
1018724,2025-02-19,AMZN,Herrington Douglas J,,0001018724-25-000012,2025-02-18,S,4301,228.3178,506518,D,,,,,,
1018724,2025-02-19,AMZN,GORELICK JAMIE S,,0001018724-25-000010,2025-02-18,G,51750,0.0,9957,I,,,,,,
1018724,2025-02-19,AMZN,WEEKS WENDELL P,,0001018724-25-000008,2025-02-15,M,1900,0.0,44400,D,,,,,,
1018724,2025-02-19,AMZN,GORELICK JAMIE S,,0001018724-25-000010,2025-02-15,M,2677,0.0,46061,D,,,,,,
1018724,2025-02-19,AMZN,Herrington Douglas J,,0001018724-25-000012,2025-02-15,M,13752,0.0,510819,D,,,,,,
1018724,2025-02-25,AMZN,Reynolds Shelley,,0001018724-25-000016,2025-02-21,S,1933,221.4221,126680,D,,,,,,
1018724,2025-02-25,AMZN,Zapolsky David,,0001018724-25-000018,2025-02-21,M,11380,0.0,71770,D,,,,,,
1018724,2025-02-25,AMZN,Garman Matthew S,,0001018724-25-000014,2025-02-21,S,3637,219.046,11603,D,,,,,,
1018724,2025-02-25,AMZN,Olsavsky Brian T,,0001018724-25-000020,2025-02-21,M,11380,0.0,60380,D,,,,,,
1018724,2025-02-25,AMZN,Jassy Andrew R,,0001018724-25-000024,2025-02-21,S,5764,219.0963,2133906,D,,,,,,
1018724,2025-02-25,AMZN,Zapolsky David,,0001018724-25-000018,2025-02-24,S,19212,217.5,49950,D,,,,,,
1018724,2025-02-25,AMZN,Jassy Andrew R,,0001018724-25-000024,2025-02-21,M,20000,0.0,2107710,D,,,,,,
1018724,2025-02-25,AMZN,Herrington Douglas J,,0001018724-25-000022,2025-02-21,S,1704,221.5184,518874,D,,,,,,
1018724,2025-02-25,AMZN,Herrington Douglas J,,0001018724-25-000022,2025-02-21,M,12660,0.0,517978,D,,,,,,
1018724,2025-02-25,AMZN,Olsavsky Brian T,,0001018724-25-000020,2025-02-21,S,14620,223.14,49000,D,,,,,,
1018724,2025-02-25,AMZN,Reynolds Shelley,,0001018724-25-000016,2025-02-21,M,2360,0.0,125502,D,,,,,,
1018724,2025-02-25,AMZN,Zapolsky David,,0001018724-25-000018,2025-02-21,S,1172,218.9888,73838,D,,,,,,
1018724,2025-03-05,AMZN,Herrington Douglas J,,0001018724-25-000028,2025-03-03,S,2500,213.17,511974,D,,,,,,
1018724,2025-03-05,AMZN,BEZOS JEFFREY P,,0001018724-25-000026,2025-03-03,G,239843,0.0,909470052,D,,,,,,
1018724,2025-03-05,AMZN,BEZOS JEFFREY P,,0001018724-25-000026,2025-03-04,G,56339,0.0,909413713,D,,,,,,
1018724,2025-04-03,AMZN,Herrington Douglas J,,0001018724-25-000032,2025-04-01,S,2500,187.99,509474,D,,,,,,
1018724,2025-04-14,ATSG,AMAZON COM INC,,0001104659-25-034684,2025-04-11,J,12741445,22.5,0,I,,,,,,
1018724,2025-05-05,AMZN,Herrington Douglas J,,0001018724-25-000038,2025-05-01,S,2500,190.67,506974,D,,,,,,
1018724,2025-05-14,AMZN,Alexander Keith Brian,,0001018724-25-000040,2025-05-12,S,1000,210.68,5465,D,,,,,,
1018724,2025-05-15,AMZN,BEZOS JEFFREY P,,0001018724-25-000042,2025-05-13,G,134545,0.0,909279168,D,,,,,,
1018724,2025-05-15,AMZN,BEZOS JEFFREY P,,0001018724-25-000042,2025-05-14,G,474857,0.0,908804311,D,,,,,,
1018724,2025-05-19,AMZN,Herrington Douglas J,,0001018724-25-000048,2025-05-15,S,1200,204.5805,517734,D,,,,,,
1018724,2025-05-19,AMZN,Herrington Douglas J,,0001018724-25-000048,2025-05-15,M,11960,0.0,518934,D,,,,,,
1018724,2025-05-19,AMZN,NOOYI INDRA K,,0001018724-25-000046,2025-05-15,M,2120,0.0,30340,D,,,,,,
1018724,2025-05-19,AMZN,Ng Andrew Y.,,0001018724-25-000044,2025-05-15,M,1984,0.0,1984,D,,,,,,
1018724,2025-05-22,AMZN,Herrington Douglas J,,0001018724-25-000050,2025-05-20,G,4864,0.0,509286,D,,,,,,
1018724,2025-05-23,AMZN,Olsavsky Brian T,,0001018724-25-000054,2025-05-21,M,8760,0.0,57760,D,,,,,,
1018724,2025-05-23,AMZN,Herrington Douglas J,,0001018724-25-000062,2025-05-21,M,9760,0.0,519046,D,,,,,,
1018724,2025-05-23,AMZN,Garman Matthew S,,0001018724-25-000058,2025-05-21,S,12761,200.746,8162,D,,,,,,
1018724,2025-05-23,AMZN,Garman Matthew S,,0001018724-25-000058,2025-05-21,M,6320,0.0,6320,D,,,,,,
1018724,2025-05-23,AMZN,Zapolsky David,,0001018724-25-000056,2025-05-21,M,8760,0.0,58710,D,,,,,,
1018724,2025-05-23,AMZN,Herrington Douglas J,,0001018724-25-000062,2025-05-21,S,6743,200.7586,519650,D,,,,,,
1018724,2025-05-23,AMZN,Zapolsky David,,0001018724-25-000056,2025-05-22,S,6470,201.3,54130,D,,,,,,
1018724,2025-05-23,AMZN,Zapolsky David,,0001018724-25-000056,2025-05-21,S,4451,200.7542,63249,D,,,,,,
1018724,2025-05-23,AMZN,Olsavsky Brian T,,0001018724-25-000054,2025-05-21,S,17750,201.57,49000,D,,,,,,
1018724,2025-05-23,AMZN,Reynolds Shelley,,0001018724-25-000052,2025-05-21,S,2495,200.7346,119980,D,,,,,,
1018724,2025-05-23,AMZN,Jassy Andrew R,,0001018724-25-000060,2025-05-21,M,25000,0.0,2143886,D,,,,,,
1018724,2025-05-23,AMZN,Reynolds Shelley,,0001018724-25-000052,2025-05-21,M,1780,0.0,121560,D,,,,,,
1018724,2025-05-23,AMZN,Jassy Andrew R,,0001018724-25-000060,2025-05-21,S,11863,200.7453,2156703,D,,,,,,
1018724,2025-06-04,AMZN,Herrington Douglas J,,0001018724-25-000064,2025-06-02,S,2500,204.98,517050,D,,,,,,
1018724,2025-06-05,AMZN,BEZOS JEFFREY P,,0001018724-25-000066,2025-06-03,G,24410,0.0,908779901,D,,,,,,
1018724,2025-07-01,AMZN,BEZOS JEFFREY P,,0001018724-25-000068,2025-06-27,S,3083140,221.4138,905696761,D,,,,,,
1018724,2025-07-01,AMZN,BEZOS JEFFREY P,,0001018724-25-000068,2025-06-30,S,224926,223.5588,905454975,D,,,,,,
1018724,2025-07-03,AMZN,Herrington Douglas J,,0001018724-25-000070,2025-07-01,S,701,219.1732,516349,D,,,,,,
1018724,2025-07-08,AMZN,BEZOS JEFFREY P,,0001018724-25-000072,2025-07-07,S,2046582,223.9206,902480530,D,,,,,,
1018724,2025-07-08,AMZN,BEZOS JEFFREY P,,0001018724-25-000072,2025-07-03,S,927863,223.7316,904527112,D,,,,,,
1018724,2025-07-10,AMZN,BEZOS JEFFREY P,,0001018724-25-000074,2025-07-08,S,101081,223.8804,902379449,D,,,,,,
1018724,2025-07-10,AMZN,BEZOS JEFFREY P,,0001018724-25-000074,2025-07-09,S,384124,224.0229,901995325,D,,,,,,
1018724,2025-07-15,AMZN,BEZOS JEFFREY P,,0001018724-25-000076,2025-07-14,S,2241699,225.8434,895480389,D,,,,,,
1018724,2025-07-15,AMZN,BEZOS JEFFREY P,,0001018724-25-000076,2025-07-11,S,2971084,224.5483,899024241,D,,,,,,
1018724,2025-07-17,AMZN,BEZOS JEFFREY P,,0001018724-25-000078,2025-07-15,S,733195,227.0197,894546706,D,,,,,,
1018724,2025-07-23,AMZN,BEZOS JEFFREY P,,0001018724-25-000080,2025-07-21,S,2602336,227.5512,891944370,D,,,,,,
1018724,2025-07-23,AMZN,BEZOS JEFFREY P,,0001018724-25-000080,2025-07-22,S,388468,228.6239,889885001,D,,,,,,
1018724,2025-07-25,AMZN,BEZOS JEFFREY P,,0001018724-25-000082,2025-07-23,S,1510956,228.4777,886423043,D,,,,,,
1018724,2025-07-25,AMZN,BEZOS JEFFREY P,,0001018724-25-000082,2025-07-24,S,544232,229.127,885878811,D,,,,,,
1018724,2025-08-05,AMZN,Herrington Douglas J,,0001018724-25-000088,2025-08-01,S,2500,217.0,512050,D,,,,,,
1018724,2025-08-12,AMZN,Herrington Douglas J,,0001018724-25-000090,2025-08-08,G,8970,0.0,503080,D,,,,,,
1018724,2025-08-18,AMZN,BEZOS JEFFREY P,,0001018724-25-000094,2025-08-14,G,100020,0.0,883679881,D,,,,,,
1018724,2025-08-19,AMZN,Herrington Douglas J,,0001018724-25-000096,2025-08-15,S,2084,231.7782,512955,D,,,,,,
1018724,2025-08-19,AMZN,Herrington Douglas J,,0001018724-25-000096,2025-08-15,M,11959,0.0,515039,D,,,,,,
1018724,2025-08-25,AMZN,Garman Matthew S,,0001018724-25-000106,2025-08-21,S,10336,221.3704,10587,D,,,,,,
1018724,2025-08-25,AMZN,Zapolsky David,,0001018724-25-000104,2025-08-21,M,8760,0.0,55790,D,,,,,,
1018724,2025-08-25,AMZN,Jassy Andrew R,,0001018724-25-000108,2025-08-21,M,25000,0.0,2173694,D,,,,,,
1018724,2025-08-25,AMZN,Garman Matthew S,,0001018724-25-000106,2025-08-21,M,6320,0.0,6320,D,,,,,,
1018724,2025-08-25,AMZN,Zapolsky David,,0001018724-25-000104,2025-08-22,S,13570,222.76,44110,D,,,,,,
1018724,2025-08-25,AMZN,Zapolsky David,,0001018724-25-000104,2025-08-21,S,4277,221.3399,60503,D,,,,,,
1018724,2025-08-25,AMZN,Herrington Douglas J,,0001018724-25-000100,2025-08-21,S,3579,221.2568,523763,D,,,,,,
1018724,2025-08-25,AMZN,Olsavsky Brian T,,0001018724-25-000102,2025-08-21,M,8760,0.0,57760,D,,,,,,
1018724,2025-08-25,AMZN,Reynolds Shelley,,0001018724-25-000098,2025-08-21,M,1800,0.0,121580,D,,,,,,
1018724,2025-08-25,AMZN,Olsavsky Brian T,,0001018724-25-000102,2025-08-21,S,17750,222.74,49000,D,,,,,,
1018724,2025-08-25,AMZN,Herrington Douglas J,,0001018724-25-000100,2025-08-21,M,9760,0.0,520015,D,,,,,,
1018724,2025-08-25,AMZN,Jassy Andrew R,,0001018724-25-000108,2025-08-21,S,13329,221.4179,2185045,D,,,,,,
1018724,2025-08-25,AMZN,Reynolds Shelley,,0001018724-25-000098,2025-08-21,S,1815,221.3465,120680,D,,,,,,
1018724,2025-09-02,AMZN,BEZOS JEFFREY P,,0001018724-25-000110,2025-08-28,G,421693,0.0,883258188,D,,,,,,
1018724,2025-09-04,AMZN,Herrington Douglas J,,0001018724-25-000112,2025-09-02,S,2500,223.49,518007,D,,,,,,
1018724,2025-10-03,AMZN,Herrington Douglas J,,0001936006-25-000003,2025-10-01,S,2500,217.1,515507,D,,,,,,
1018724,2025-11-04,AMZN,RUBINSTEIN JONATHAN,,0001209522-25-000004,2025-10-31,S,8173,250.03,80030,D,,,,,,
1018724,2025-11-04,AMZN,Herrington Douglas J,,0001936006-25-000005,2025-10-31,S,22000,250.03,493507,D,,,,,,
1018724,2025-11-04,AMZN,Herrington Douglas J,,0001936006-25-000005,2025-11-03,S,2500,255.44,491007,D,,,,,,
1018724,2025-11-10,AMZN,BEZOS JEFFREY P,,0001043298-25-000003,2025-11-06,G,909691,0.0,882348497,D,,,,,,
1018724,2025-11-10,AMZN,BEZOS JEFFREY P,,0001043298-25-000003,2025-11-07,G,103437,0.0,882245060,D,,,,,,
1018724,2025-11-12,AMZN,GORELICK JAMIE S,,0001018724-25-000125,2025-11-07,G,7944,0.0,38117,D,,,,,,
1018724,2025-11-18,AMZN,Herrington Douglas J,,0001018724-25-000129,2025-11-15,M,11959,0.0,502966,D,,,,,,
1018724,2025-11-18,AMZN,Herrington Douglas J,,0001018724-25-000129,2025-11-17,S,784,231.6303,502182,D,,,,,,
1018724,2025-11-18,AMZN,STONESIFER PATRICIA Q,,0001184756-25-000004,2025-11-15,M,2473,0.0,53639,D,,,,,,
1018724,2025-11-18,AMZN,RUBINSTEIN JONATHAN,,0001209522-25-000007,2025-11-15,M,2473,0.0,82503,D,,,,,,
1018724,2025-11-18,AMZN,Huttenlocher Daniel P,,0001018724-25-000127,2025-11-15,M,2473,0.0,27385,D,,,,,,
1018724,2025-11-18,AMZN,Alexander Keith Brian,,0001659719-25-000003,2025-11-15,M,2605,0.0,8070,D,,,,,,
1018724,2025-11-18,AMZN,Alexander Keith Brian,,0001659719-25-000003,2025-11-17,S,900,233.0,7170,D,,,,,,
1018724,2025-11-18,AMZN,SMITH BRAD D,,0001284323-25-000004,2025-11-15,M,2605,0.0,17610,I,,,,,,
1018724,2025-11-18,AMZN,COOPER EDITH W,,0001517276-25-000005,2025-11-15,M,2042,0.0,8222,D,,,,,,
1018724,2025-11-18,AMZN,BEZOS JEFFREY P,,0001043298-25-000005,2025-11-14,G,42610,0.0,882202450,D,,,,,,
1018724,2025-11-24,AMZN,Huttenlocher Daniel P,,0001018724-25-000132,2025-11-20,S,1237,226.61,26148,D,,,,,,
1018724,2025-11-25,AMZN,Zapolsky David,,0001557979-25-000003,2025-11-21,S,1601,215.8618,60259,D,,,,,,
1018724,2025-11-25,AMZN,Jassy Andrew R,,0001374545-25-000003,2025-11-21,M,25000,0.0,2203502,D,,,,,,
1018724,2025-11-25,AMZN,Jassy Andrew R,,0001374545-25-000003,2025-11-21,S,3966,215.8187,2224216,D,,,,,,
1018724,2025-11-25,AMZN,Garman Matthew S,,0002024813-25-000003,2025-11-21,S,3892,215.8299,20149,D,,,,,,
1018724,2025-11-25,AMZN,Zapolsky David,,0001557979-25-000003,2025-11-21,M,8760,0.0,52870,D,,,,,,
1018724,2025-11-25,AMZN,Garman Matthew S,,0002024813-25-000003,2025-11-21,M,6300,0.0,9438,D,,,,,,
1018724,2025-11-25,AMZN,Zapolsky David,,0001557979-25-000003,2025-11-24,S,13570,222.49,41190,D,,,,,,
1018724,2025-11-25,AMZN,Olsavsky Brian T,,0001639902-25-000003,2025-11-21,M,8760,0.0,57760,D,,,,,,
1018724,2025-11-25,AMZN,Herrington Douglas J,,0001936006-25-000007,2025-11-21,S,4200,216.0524,511069,D,,,,,,
1018724,2025-11-25,AMZN,Reynolds Shelley,,0001397333-25-000003,2025-11-21,M,1800,0.0,121580,D,,,,,,
1018724,2025-11-25,AMZN,Reynolds Shelley,,0001397333-25-000003,2025-11-21,S,1600,216.0663,120875,D,,,,,,
1018724,2025-11-25,AMZN,Herrington Douglas J,,0001936006-25-000007,2025-11-21,M,9760,0.0,507942,D,,,,,,
1018724,2025-12-03,AMZN,Herrington Douglas J,,0001936006-25-000009,2025-12-01,S,2500,233.22,505934,D,,,,,,
1018724,2026-02-13,AMZN,Herrington Douglas J,,0001936006-26-000002,2026-02-11,S,1000,208.0,504934,D,,,,,,
1018724,2026-02-17,AMZN,Alexander Keith Brian,,0001659719-26-000002,2026-02-12,S,900,203.88,6270,D,,,,,,
1018724,2026-02-18,AMZN,Herrington Douglas J,,0001936006-26-000004,2026-02-15,M,11959,0.0,516893,D,,,,,,
1018724,2026-02-18,AMZN,Herrington Douglas J,,0001936006-26-000004,2026-02-17,S,800,196.7513,516093,D,,,,,,
1018724,2026-02-18,AMZN,GORELICK JAMIE S,,0001018724-26-000008,2026-02-15,M,2677,0.0,40794,D,,,,,,
1018724,2026-02-18,AMZN,WEEKS WENDELL P,,0001018724-26-000006,2026-02-15,M,1816,0.0,46216,D,,,,,,
1018724,2026-02-24,AMZN,Jassy Andrew R,,0001374545-26-000002,2026-02-21,M,25000,0.0,2233310,D,,,,,,
1018724,2026-02-24,AMZN,Jassy Andrew R,,0001374545-26-000002,2026-02-23,S,8290,204.2481,2249700,D,,,,,,
1018724,2026-02-24,AMZN,Garman Matthew S,,0002024813-26-000002,2026-02-21,M,6300,0.0,12573,D,,,,,,
1018724,2026-02-24,AMZN,Garman Matthew S,,0002024813-26-000002,2026-02-23,S,5881,204.1438,21275,D,,,,,,
1018724,2026-02-24,AMZN,Zapolsky David,,0001557979-26-000002,2026-02-21,M,8780,0.0,49970,D,,,,,,
1018724,2026-02-24,AMZN,Zapolsky David,,0001557979-26-000002,2026-02-23,S,2613,204.1522,56326,D,,,,,,
1018724,2026-02-24,AMZN,Zapolsky David,,0001557979-26-000002,2026-02-24,S,10649,205.43,41190,D,,,,,,
1018724,2026-02-24,AMZN,Olsavsky Brian T,,0001639902-26-000002,2026-02-21,M,8780,0.0,75530,D,,,,,,
1018724,2026-02-24,AMZN,Herrington Douglas J,,0001936006-26-000006,2026-02-21,M,9760,0.0,521869,D,,,,,,
1018724,2026-02-24,AMZN,Herrington Douglas J,,0001936006-26-000006,2026-02-23,S,2135,204.6287,527061,D,,,,,,
1018724,2026-02-24,AMZN,Reynolds Shelley,,0001397333-26-000002,2026-02-21,M,1800,0.0,121580,D,,,,,,
1018724,2026-02-24,AMZN,Reynolds Shelley,,0001397333-26-000002,2026-02-23,S,795,204.6013,121680,D,,,,,,
1018724,2026-03-04,AMZN,Herrington Douglas J,,0001936006-26-000008,2026-03-02,S,1000,204.25,521361,D,,,,,,
1018724,2026-04-03,AMZN,Herrington Douglas J,,0001018724-26-000010,2026-04-01,S,1000,210.5,520361,D,,,,,,
1018724,2026-04-16,AMZN,Herrington Douglas J,,0001936006-26-000012,2026-04-14,S,20500,245.0,499861,D,,,,,,
1018724,2026-04-21,AMZN,Jassy Andrew R,,0001374545-26-000004,2026-04-17,S,31000,255.0,2207118,D,non_derivative,"Common Stock, par value $.01  per share",,,,
1018724,2026-04-21,AMZN,Jassy Andrew R,,0001374545-26-000004,2026-04-17,S,31000,255.0,2207118,D,,,,,,
1018724,2026-04-28,AMZN,RUBINSTEIN JONATHAN,,0001209522-26-000006,2026-04-24,S,3849,260.0,78654,D,,,,,,
1018724,2026-04-28,AMZN,RUBINSTEIN JONATHAN,,0001209522-26-000006,2026-04-24,S,3849,260.0,78654,D,non_derivative,"Common Stock, par value $.01  per share",,,,
1018724,2026-05-04,AMZN,RUBINSTEIN JONATHAN,,0001209522-26-000008,2026-04-30,S,3706,273.02,74948,D,,,,,,
1018724,2026-05-04,AMZN,RUBINSTEIN JONATHAN,,0001209522-26-000008,2026-04-30,S,3706,273.02,74948,D,non_derivative,"Common Stock, par value $.01  per share",,,,
1018724,2026-05-05,AMZN,Herrington Douglas J,,0001936006-26-000014,2026-05-04,S,27500,275.0,471361,D,,,,,,
1018724,2026-05-05,AMZN,BEZOS JEFFREY P,,0001018724-26-000016,2026-05-04,G,220200,0.0,880948653,D,,,,,,
1018724,2026-05-05,AMZN,BEZOS JEFFREY P,,0001018724-26-000016,2026-05-01,G,1033597,0.0,881168853,D,,,,,,
1018724,2026-05-05,AMZN,Herrington Douglas J,,0001936006-26-000014,2026-05-01,S,1000,265.65,498861,D,,,,,,
1018724,2026-05-05,AMZN,BEZOS JEFFREY P,,0001018724-26-000016,2026-05-04,G,220200,0.0,880948653,D,non_derivative,"Common Stock, par value $.01  per share",,,,
1018724,2026-05-05,AMZN,Herrington Douglas J,,0001936006-26-000014,2026-05-01,S,1000,265.65,498861,D,non_derivative,"Common Stock, par value $.01  per share",,,,
1018724,2026-05-05,AMZN,Herrington Douglas J,,0001936006-26-000014,2026-05-04,S,27500,275.0,471361,D,non_derivative,"Common Stock, par value $.01  per share",,,,
1018724,2026-05-05,AMZN,BEZOS JEFFREY P,,0001018724-26-000016,2026-05-01,G,1033597,0.0,881168853,D,non_derivative,"Common Stock, par value $.01  per share",,,,
1018724,2026-05-06,AMZN,Jassy Andrew R,,0001374545-26-000006,2026-05-04,S,31352,275.0,2175766,D,,,,,,
1018724,2026-05-06,AMZN,Jassy Andrew R,,0001374545-26-000006,2026-05-04,S,31352,275.0,2175766,D,non_derivative,"Common Stock, par value $.01  per share",,,,
1018724,2026-05-19,AMZN,Garman Matthew S,,0002024813-26-000006,2026-05-15,M,13500,0.0,22905,D,,,,,,
1018724,2026-05-19,AMZN,Garman Matthew S,,0002024813-26-000006,2026-05-15,S,3389,261.7887,19516,D,non_derivative,"Common Stock, par value $.01  per share",,,,
1018724,2026-05-19,AMZN,Ng Andrew Y.,,0001851101-26-000002,2026-05-15,M,1984,0.0,1984,D,derivative,Restricted Stock Unit Award,"Common Stock, par value $.01  per share",1984.0,0.0,2027-05-15
1018724,2026-05-19,AMZN,NOOYI INDRA K,,0001183818-26-000005,2026-05-15,M,1602,0.0,31942,D,,,,,,
1018724,2026-05-19,AMZN,Herrington Douglas J,,0001936006-26-000016,2026-05-15,S,1044,261.7441,479670,D,,,,,,
1018724,2026-05-19,AMZN,Garman Matthew S,,0002024813-26-000006,2026-05-15,M,13500,0.0,22905,D,non_derivative,"Common Stock, par value $.01  per share",,,,
1018724,2026-05-19,AMZN,Garman Matthew S,,0002024813-26-000006,2026-05-15,M,13500,0.0,13500,D,derivative,Restricted Stock Unit Award,"Common Stock, par value $.01  per share",13500.0,0.0,2028-05-15
1018724,2026-05-19,AMZN,Ng Andrew Y.,,0001851101-26-000002,2026-05-15,M,1984,0.0,3968,D,,,,,,
1018724,2026-05-19,AMZN,Garman Matthew S,,0002024813-26-000006,2026-05-15,S,3389,261.7887,19516,D,,,,,,
1018724,2026-05-19,AMZN,Herrington Douglas J,,0001936006-26-000016,2026-05-15,M,9353,0.0,56927,D,derivative,Restricted Stock Unit Award,"Common Stock, par value $.01  per share",9353.0,0.0,2028-02-15
1018724,2026-05-19,AMZN,NOOYI INDRA K,,0001183818-26-000005,2026-05-15,M,1602,0.0,3204,D,derivative,Restricted Stock Unit Award,"Common Stock, par value $.01  per share",1602.0,0.0,2028-05-15
1018724,2026-05-19,AMZN,Herrington Douglas J,,0001936006-26-000016,2026-05-15,S,1044,261.7441,479670,D,non_derivative,"Common Stock, par value $.01  per share",,,,
1018724,2026-05-19,AMZN,NOOYI INDRA K,,0001183818-26-000005,2026-05-15,M,1602,0.0,31942,D,non_derivative,"Common Stock, par value $.01  per share",,,,
1018724,2026-05-19,AMZN,Herrington Douglas J,,0001936006-26-000016,2026-05-15,M,9353,0.0,480714,D,,,,,,
1018724,2026-05-19,AMZN,Herrington Douglas J,,0001936006-26-000016,2026-05-15,M,9353,0.0,480714,D,non_derivative,"Common Stock, par value $.01  per share",,,,
1018724,2026-05-19,AMZN,Ng Andrew Y.,,0001851101-26-000002,2026-05-15,M,1984,0.0,3968,D,non_derivative,"Common Stock, par value $.01  per share",,,,
1018724,2026-05-26,AMZN,Garman Matthew S,,0002024813-26-000008,2026-05-21,M,4860,0.0,16290,D,non_derivative,"Common Stock, par value $.01  per share",,,,
1018724,2026-05-26,AMZN,Reynolds Shelley,,0001018724-26-000018,2026-05-21,S,1600,261.8269,120543,D,non_derivative,"Common Stock, par value $.01  per share",,,,
1018724,2026-05-26,AMZN,Jassy Andrew R,,0001374545-26-000008,2026-05-21,S,5206,261.9528,2220560,D,non_derivative,"Common Stock, par value $.01  per share",,,,
1018724,2026-05-26,AMZN,Herrington Douglas J,,0001018724-26-000020,2026-05-21,M,7500,0.0,484472,D,non_derivative,"Common Stock, par value $.01  per share",,,,
1018724,2026-05-26,AMZN,Zapolsky David,,0001557979-26-000006,2026-05-21,S,1600,261.9554,55040,D,non_derivative,"Common Stock, par value $.01  per share",,,,
1018724,2026-05-26,AMZN,Reynolds Shelley,,0001018724-26-000018,2026-05-21,M,1820,0.0,10840,D,derivative,Restricted Stock Unit Award,"Common Stock, par value $.01  per share",1820.0,0.0,2028-02-21
1018724,2026-05-26,AMZN,Jassy Andrew R,,0001374545-26-000008,2026-05-21,M,50000,0.0,2225766,D,non_derivative,"Common Stock, par value $.01  per share",,,,
1018724,2026-05-26,AMZN,Zapolsky David,,0001557979-26-000006,2026-05-21,M,9920,0.0,51110,D,non_derivative,"Common Stock, par value $.01  per share",,,,
1018724,2026-05-26,AMZN,Herrington Douglas J,,0001018724-26-000020,2026-05-21,M,7500,0.0,22500,D,derivative,Restricted Stock Unit Award,"Common Stock, par value $.01  per share",7500.0,0.0,2027-02-21
1018724,2026-05-26,AMZN,Jassy Andrew R,,0001374545-26-000008,2026-05-21,M,50000,0.0,950000,D,derivative,Restricted Stock Unit Award,"Common Stock, par value $.01  per share",50000.0,0.0,2031-02-21
1018724,2026-05-26,AMZN,Reynolds Shelley,,0001018724-26-000018,2026-05-21,M,1820,0.0,121600,D,non_derivative,"Common Stock, par value $.01  per share",,,,
1018724,2026-05-26,AMZN,Zapolsky David,,0001557979-26-000006,2026-05-21,M,9920,0.0,60200,D,derivative,Restricted Stock Unit Award,"Common Stock, par value $.01  per share",9920.0,0.0,2028-02-21
1018724,2026-05-26,AMZN,Garman Matthew S,,0002024813-26-000008,2026-05-21,M,4860,0.0,14580,D,derivative,Restricted Stock Unit Award,"Common Stock, par value $.01  per share",4860.0,0.0,2027-02-21
1018724,2026-05-26,AMZN,Olsavsky Brian T,,0001639902-26-000006,2026-05-21,M,9920,0.0,60200,D,derivative,Restricted Stock Unit Award,"Common Stock, par value $.01  per share",9920.0,0.0,2028-02-21
1018724,2026-05-26,AMZN,Olsavsky Brian T,,0001639902-26-000006,2026-05-21,M,9920,0.0,94419,D,non_derivative,"Common Stock, par value $.01  per share",,,,
1018724,2026-05-26,AMZN,Herrington Douglas J,,0001018724-26-000020,2026-05-21,S,4200,261.8781,488697,D,non_derivative,"Common Stock, par value $.01  per share",,,,
1018724,2026-05-26,AMZN,Zapolsky David,,0001557979-26-000006,2026-05-22,S,9270,268.53,41190,D,non_derivative,"Common Stock, par value $.01  per share",,,,
1018724,2026-05-26,AMZN,Garman Matthew S,,0002024813-26-000008,2026-05-21,S,4257,261.9279,25369,D,non_derivative,"Common Stock, par value $.01  per share",,,,
1018724,2026-06-03,AMZN,Herrington Douglas J,,0001936006-26-000018,2026-06-01,S,1000,266.19,485527,D,non_derivative,"Common Stock, par value $.01  per share",,,,
1018724,2026-07-02,AMZN,Herrington Douglas J,,0001018724-26-000022,2026-07-01,S,1000,239.77,484527,D,non_derivative,"Common Stock, par value $.01  per share",,,,
1018724,2026-08-05,AMZN,BEZOS JEFFREY P,,0001018724-26-000028,2026-08-03,S,1209649,286.4083,879739004,D,non_derivative,"Common Stock, par value $.01  per share",,,,
1018724,2026-08-05,AMZN,Herrington Douglas J,,0001018724-26-000030,2026-08-03,S,1000,278.39,483527,D,non_derivative,"Common Stock, par value $.01  per share",,,,
1018724,2026-08-10,AMZN,Herrington Douglas J,,0001018724-26-000032,2026-08-06,G,22000,0.0,461527,D,non_derivative,"Common Stock, par value $.01  per share",,,,
