0001166559
0001067983
0000886982
0000356028
0001103804
0000909410
0000350548
0000818757
0001403085
0001057060
0001061768
0001167483
0001086364
0001081406
0001037389
0001166272
0001120758
0001393818
0001436851
0001656456
0001638599
0001545074
0001494731
0001897982
0001350694
0001580647
0001029094
0001454163
0001351271
0001500632
0001542488
0001386379
0001162684
0001443465
0001463272
0001577552
0001582202
0001382997
0001592389
0001473644
0001357867
0001587227
0001513948
0001704999
0001659155
0001006438
0001064642
0001634694
0001711837
0001709257
0001311111
0001641849
0001603464
0001609190
0001730844
0001518493
0001799619
0001418812
0001606985
0001040273
0001690674
0001409378
0001499072
0001454983
0001050446
0001606923
0001469574
0001423053
0001423704
0001579077
0001573060
0001573578
0001530005
0001505165
0001425953
0001500305
0001762512
0001510596
0001576596
0001671899
0001557170
0001825030
0001437810
0001768809
0001349636
0001795257
0001707144
0001466057
0001557071
0001443686
0001641359
0001762598
0001496660
0001599966
0001450606
0001313890
0001642960
0001492287
0001471274
0001658370
0001532545
0001480528
0001695885
0001757924
0001760158
0001742765
0001602215
0001659990
0001707069
0001798133
0001762717
0001825051
0001767668
0001721790
0001446989
0001800816
0001773415
0001813048
0001635039
0001470442
0001004434
0001550175
0001580427
0001531647
0001647639
0001676861
0001647251
0001487428
0001454150
0001558738
0001436106
0001582734
0001656153
0001741622
0001649337
0001681777
0001682092
0001469845
0001646009
0001657284
0001607962
0001788735
0001804480
0001273013
0001603466
0001179392
0001009207
0001135730
0000934639
0001336528
0001649339
0000921669
0001536411
0001079114
0001029160
0001791786
0001345471
0001697748
0001569391
0001834289
0001364742
0000102909
0000091154
0000072971
0001112520
0001555283
0001056518
0001214717
0001532059
0001396263
0001709323
0001385435
0001582203
0001725139
0001742949
0001660608
0001510599
0001595904
0001040332
0001756209
